0 0 0 0 0 0 0 0 0 0 0 5.6979e-08 5.6979e-08
11962.9 -7253.55 -136.633 21.8483 9.71377e+09 -0.133624 -3.25756e+09 0 4.15704e+08 0 0 8.09964e-08 1.37975e-07
-1.51617e+06 -4.90541e+07 1.83899e+06 -832806 -4.94095e+13 180230 6.55098e+13 -10078.2 -2.83982e+13 -3552.19 7.10359e+12 4.69738e-07 6.07713e-07
-1.02423e+17 8.9795e+16 -2.87531e+13 4.34054e+14 -5.66234e+22 -2.42796e+14 -1.01067e+22 7.43119e+13 1.75727e+22 -1.29053e+13 -8.55981e+21 1.64028e-06 2.248e-06
9.04574e+28 -5.15819e+28 -9.54113e+26 2.35358e+25 7.62701e+34 1.97421e+26 -2.48606e+34 -1.3092e+26 -3.9395e+33 4.803e+25 6.95545e+33 3.98695e-06 6.23495e-06
4.56065e+42 -8.60065e+42 1.59781e+41 -7.98336e+40 -1.79027e+48 1.49523e+39 5.79541e+48 1.99174e+40 -2.19841e+48 -1.28949e+40 5.231e+46 5.69698e-06 1.19319e-05
-3.54414e+58 2.81147e+58 1.06125e+56 8.81213e+55 -2.24811e+64 -4.96576e+55 6.4753e+62 -1.70667e+54 3.72931e+63 1.28519e+55 -1.92007e+63 8.50998e-06 2.04419e-05
3.55553e+74 -1.26571e+74 -6.59168e+72 1.40443e+72 3.71285e+80 3.89113e+71 -1.90157e+80 -3.03997e+71 1.92209e+79 3.04565e+70 2.17605e+79 1.29676e-05 3.34096e-05
9.6311e+91 -1.03966e+92 7.18299e+89 -6.75867e+89 3.54782e+97 2.0576e+89 3.02802e+97 3.07865e+87 -1.99715e+97 -2.45672e+88 4.91741e+96 1.21185e-05 4.55281e-05
-2.54099e+109 1.76074e+109 1.59463e+107 3.34307e+106 -1.85848e+115 -4.66284e+106 3.68056e+114 1.86704e+106 1.5912e+114 -3.10179e+105 -1.38129e+114 1.71385e-05 6.26665e-05
6.21389e+126 3.1736e+126 -3.00195e+125 9.80574e+124 1.1639e+133 1.19338e+124 -1.00041e+133 -2.67617e+124 2.64766e+132 1.30014e+124 2.73223e+131 1.74451e-05 8.01116e-05
3.74101e+145 -3.41771e+145 4.77565e+142 -1.61788e+143 1.94303e+151 6.11094e+142 4.96094e+150 5.1243e+141 -6.08069e+150 -1.44453e+142 2.33368e+150 1.82334e-05 9.8345e-05
-6.77815e+163 3.97982e+163 6.93286e+161 -2.62512e+160 -5.60443e+169 -1.05107e+161 1.74511e+169 4.78765e+160 2.63511e+168 -4.21174e+159 -4.41214e+168 1.80362e-05 0.000116381
-2.82161e+181 5.43344e+181 -1.05726e+180 5.4433e+179 1.19248e+187 -6.70523e+178 -3.67908e+187 -6.13141e+178 1.40708e+187 3.88407e+178 -6.7931e+185 1.7938e-05 0.000134319
2.29289e+200 -1.82484e+200 -6.18216e+197 -6.28436e+197 1.45407e+206 4.02763e+197 -4.90989e+204 -8.03011e+196 -2.32066e+205 -2.23407e+196 1.20783e+205 1.76373e-05 0.000151956
-1.97307e+218 7.71986e+217 3.34238e+216 -6.12433e+215 -2.00471e+224 -3.22778e+215 1.00205e+224 2.71772e+215 -1.11006e+223 -8.83554e+214 -1.04717e+223 2.06272e-05 0.000172584
-7.20683e+236 8.132e+236 -6.40241e+234 5.38774e+234 -2.28574e+242 -1.28063e+234 -2.80687e+242 -4.26232e+233 1.76572e+242 4.43363e+233 -4.45443e+241 2.34278e-05 0.000196011
1.07289e+256 -7.57837e+255 -6.39452e+253 -1.49009e+253 7.67901e+261 1.78546e+253 -1.27456e+261 -5.31504e+252 -8.54874e+260 -3.85293e+251 6.60362e+260 2.21976e-05 0.000218209
-1.39488e+274 -4.86456e+273 6.04005e+272 -1.94403e+272 -2.37954e+280 -1.77875e+271 1.90709e+280 4.28882e+271 -4.24455e+279 -1.82795e+271 -1.12268e+279 4.04106e-06 0.00022225
-1.14144e+289 1.05134e+289 -1.92899e+286 5.17057e+286 -5.88617e+294 -2.01289e+286 -1.48507e+294 -3.19694e+283 1.72362e+294 3.30741e+285 -6.06416e+293 3.94754e-06 0.000226198
2.24771e+303 -1.3486e+303 -2.16811e+301 2.77075e+299 1.83822e+309 3.71568e+300 -5.68066e+308 -1.78325e+300 -6.79827e+307 2.89596e+299 1.26431e+308 5.90437e-06 0.000232102
8.04604e+317 -1.93443e+318 4.33329e+316 -2.08802e+316 -7.12778e+323 1.78864e+315 1.54462e+324 3.02005e+315 -5.93161e+323 -1.83616e+315 4.66048e+322 9.45985e-06 0.000241562
-1.90236e+335 1.54463e+335 4.20365e+332 5.57728e+332 -1.17358e+341 -3.26337e+332 -9.914e+338 4.79215e+331 2.22478e+340 3.05441e+331 -1.12091e+340 9.15899e-06 0.000250721
3.4843e+351 -1.49883e+351 -5.46515e+349 9.05082e+348 3.40148e+357 5.53943e+348 -1.56856e+357 -4.199e+348 9.34507e+355 1.19007e+348 2.17913e+356 1.31116e-05 0.000263832
7.25044e+368 -8.48029e+368 7.57378e+366 -5.88775e+366 2.03968e+374 1.33025e+366 3.10384e+374 4.61436e+365 -1.78764e+374 -4.53868e+365 3.77427e+373 1.74321e-05 0.000281265
-2.00697e+387 1.44084e+387 1.10456e+385 3.16371e+384 -1.41741e+393 -3.38144e+384 2.20731e+392 9.82168e+383 1.55379e+392 6.74e+382 -1.14379e+392 1.64067e-05 0.000297671
5.26329e+404 6.45561e+403 -1.84985e+403 5.57586e+402 7.88599e+410 7.38025e+401 -5.87421e+410 -1.35992e+402 1.28361e+410 5.63622e+401 3.24525e+409 1.51879e-05 0.000312859
9.354e+422 -8.80563e+422 2.21336e+420 -4.49922e+420 4.63322e+428 1.64803e+420 1.48561e+428 6.2017e+418 -1.54044e+428 -3.06015e+419 5.33441e+427 1.11728e-05 0.000324032
-1.00904e+440 6.2087e+439 9.21911e+437 8.94024e+435 -8.09663e+445 -1.66855e+437 2.32969e+445 7.54034e+436 4.12034e+444 -1.02654e+436 -5.99226e+444 1.03711e-05 0.000334403
-7.43902e+455 2.27475e+456 -5.73381e+454 2.63786e+454 1.11302e+462 -1.82031e+453 -1.99492e+462 -3.98877e+453 7.13663e+461 2.31898e+453 -2.62633e+460 1.20632e-05 0.000346466
1.04154e+474 -8.56219e+473 -1.91066e+471 -3.21096e+471 6.33244e+479 1.79024e+471 1.57111e+478 -2.3789e+470 -1.22665e+479 -1.78725e+470 5.91372e+478 1.29518e-05 0.000359418
-1.62447e+491 7.39054e+490 2.40217e+489 -3.62839e+488 -1.54924e+497 -2.59347e+488 6.87934e+496 1.85797e+488 -3.47587e+495 -5.0478e+487 -9.68471e+495 1.57047e-05 0.000375123
-8.80736e+508 1.06819e+509 -1.05229e+507 7.69961e+506 -2.1122e+514 -1.6317e+506 -4.25093e+514 -6.5386e+505 2.35135e+514 6.01625e+505 -4.80092e+513 1.88203e-05 0.000393943
4.17285e+527 -3.03832e+527 -2.15022e+525 -7.18865e+524 2.90563e+533 7.05362e+524 -4.03121e+532 -1.94224e+524 -3.46071e+532 -1.94488e+523 2.42253e+532 3.91528e-06 0.000397858
-2.33571e+541 2.28923e+539 7.12354e+539 -2.02704e+539 -3.20604e+547 -3.3967e+538 2.22904e+547 5.27825e+538 -4.41032e+546 -2.10021e+538 -1.49485e+546 4.02565e-06 0.000401884
-1.18674e+556 1.14155e+556 -3.67642e+553 6.06154e+553 -5.65183e+561 -2.0953e+553 -2.16408e+561 -1.42725e+552 2.03021e+561 4.21809e+552 -6.6334e+560 7.87405e-06 0.000409758
1.67987e+572 -1.06e+572 -1.441e+570 -5.30585e+568 1.32344e+578 2.78218e+569 -3.57555e+577 -1.18548e+569 -7.69188e+576 1.34164e+568 9.83867e+576 1.07352e-05 0.000420493
7.55797e+587 -4.00664e+588 1.18054e+587 -5.13565e+586 -2.72838e+594 2.43198e+585 4.05594e+594 8.26287e+585 -1.37293e+594 -4.5743e+585 1.71733e+592 1.01518e-05 0.000430645
-7.25056e+605 6.06272e+605 9.71193e+602 2.38358e+603 -4.31123e+611 -1.25119e+603 -2.34426e+610 1.41622e+602 8.96813e+610 1.37009e+602 -4.13809e+610 1.29284e-05 0.000443573
1.20796e+623 -5.85078e+622 -1.66128e+621 2.18302e+620 1.11843e+629 1.94373e+620 -4.68559e+628 -1.29644e+620 1.15811e+627 3.30641e+619 7.23095e+627 1.37099e-05 0.000457283
2.45443e+640 -3.13751e+640 3.50012e+638 -2.37816e+638 4.37656e+645 4.59153e+637 1.37533e+646 2.23228e+637 -7.1436e+645 -1.89329e+637 1.31247e+645 1.62448e-05 0.000473528
-5.36613e+658 3.97554e+658 2.52336e+656 1.02321e+656 -3.67239e+664 -9.08552e+655 4.3768e+663 2.31887e+655 4.69558e+663 3.44887e+654 -3.09998e+663 1.74307e-05 0.000490959
2.66422e+676 -2.98347e+675 -7.16442e+674 1.91828e+674 3.40092e+682 3.95415e+673 -2.21853e+682 -5.33032e+673 4.01591e+681 2.03095e+673 1.67162e+681 1.63266e-05 0.000507285
5.08542e+694 -4.98652e+694 1.90956e+692 -2.73501e+692 2.33251e+700 9.01767e+691 1.04123e+700 8.40111e+690 -9.06877e+699 -1.92727e+691 2.84224e+699 1.90576e-05 0.000526343
-1.53163e+713 9.84382e+712 1.25066e+711 7.43878e+709 -1.18975e+719 -2.5442e+710 3.04478e+718 1.03787e+710 7.71023e+717 -9.98268e+708 -8.9697e+717 8.8278e-06 0.000535171
-5.12785e+727 9.91947e+728 -3.34172e+727 1.39116e+727 8.63159e+734 -4.02559e+725 -1.13525e+735 -2.35864e+726 3.65867e+734 1.25807e+726 4.59683e+732 8.04562e-06 0.000543216
4.8946e+745 -4.14853e+745 -4.58727e+742 -1.68971e+743 2.85786e+751 8.46133e+742 2.24722e+750 -8.12958e+741 -6.26264e+750 -1.00071e+742 2.78694e+750 7.77765e-06 0.000550994
-4.10297e+761 2.07545e+761 5.33164e+759 -6.1397e+758 -3.71587e+767 -6.6279e+758 1.48633e+767 4.17976e+758 -6.15716e+764 -1.00472e+758 -2.44738e+766 7.06149e-06 0.000558055
-1.34386e+777 1.80982e+777 -2.24088e+775 1.43534e+775 -1.53032e+782 -2.54601e+774 -8.62899e+782 -1.44994e+774 4.26035e+782 1.15643e+774 -7.11899e+781 9.86614e-06 0.000567922
1.63401e+794 -1.22858e+794 -7.04814e+791 -3.37687e+791 1.1013e+800 2.7732e+791 -1.11753e+799 -6.61887e+790 -1.49827e+799 -1.28238e+790 9.4271e+798 1.45398e-05 0.000582461
-3.0558e+811 5.8085e+810 7.3753e+809 -1.85449e+809 -3.67607e+817 -4.61716e+808 2.25953e+817 5.52136e+808 -3.70159e+816 -2.01765e+808 -1.89889e+816 1.63835e-05 0.000598845
-5.08624e+829 5.10017e+829 -2.30793e+827 2.89875e+827 -2.22662e+835 -9.05469e+826 -1.17619e+835 -1.1239e+826 9.49769e+834 2.07734e+826 -2.83364e+834 1.97677e-05 0.000618613
2.03471e+848 -1.33407e+848 -1.56849e+846 -1.36957e+845 1.55572e+854 3.38814e+845 -3.73e+853 -1.31248e+845 -1.12417e+853 9.76071e+843 1.18952e+853 9.71651e-06 0.000628329
-2.93562e+863 -1.98997e+864 7.92667e+862 -3.14064e+862 -2.27944e+870 2.34986e+860 2.66054e+870 5.6344e+861 -8.10488e+869 -2.88357e+861 -3.4481e+868 8.90389e-06 0.000637233
-2.04463e+881 1.75952e+881 9.79588e+877 7.44302e+878 -1.16883e+887 -3.54367e+878 -1.25562e+886 2.73729e+877 2.7165e+886 4.52693e+877 -1.16201e+886 1.06468e-05 0.00064788
1.19971e+898 -6.31468e+897 -1.47213e+896 1.43878e+895 1.06335e+904 1.94634e+895 -4.0522e+903 -1.16097e+895 -7.50949e+901 2.61569e+894 7.13589e+902 1.13812e-05 0.000659261
5.90769e+914 -8.43785e+914 1.15508e+913 -7.00741e+912 2.19058e+919 1.13508e+912 4.36891e+920 7.57768e+911 -2.0555e+920 -5.7183e+911 3.09212e+919 1.03156e-05 0.000669577
-1.04775e+932 7.98594e+931 4.13784e+929 2.32184e+929 -6.95981e+937 -1.78172e+929 5.8734e+936 3.97343e+928 1.00174e+937 9.65044e+927 -6.03665e+936 1.47925e-05 0.000684369
2.38602e+949 -5.94437e+948 -5.26166e+947 1.244e+947 2.73766e+955 3.65158e+946 -1.59596e+955 -3.95926e+946 2.35612e+954 1.38989e+946 1.47178e+954 1.74875e-05 0.000701857
5.11468e+967 -5.24375e+967 2.72684e+965 -3.0816e+965 2.13074e+973 9.14375e+964 1.32016e+973 1.41691e+964 -9.98618e+972 -2.23999e+964 2.84006e+972 2.10003e-05 0.000722857
-3.12723e+986 2.08659e+986 2.28291e+984 2.62934e+983 -2.35696e+992 -5.21948e+983 5.30048e+991 1.92699e+983 1.86475e+991 -1.02495e+982 -1.82523e+991 1.31697e-05 0.000736027
6.2917e+1002 1.59864e+1003 -7.581e+1001 2.86999e+1001 2.37477e+1009 3.80853e+999 -2.51752e+1009 -5.42377e+1000 7.27109e+1008 2.67464e+1000 5.27119e+1007 3.33826e-06 0.000739365
5.20496e+1017 -4.55224e+1017 8.51574e+1012 -2.00059e+1015 2.90663e+1023 9.04517e+1014 4.06966e+1022 -5.14332e+1013 -7.19248e+1022 -1.2486e+1014 2.95247e+1022 3.02703e-06 0.000742392
-1.72605e+1031 9.47673e+1030 1.97981e+1029 -1.50289e+1028 -1.49299e+1037 -2.8132e+1028 5.36214e+1036 1.57257e+1028 2.56494e+1035 -3.24804e+1027 -1.02362e+1036 6.25096e-06 0.000748643
-1.87972e+1046 2.94823e+1046 -4.60483e+1044 2.61115e+1044 1.78366e+1051 -3.69902e+1043 -1.70477e+1052 -3.06836e+1043 7.53806e+1051 2.16583e+1043 -9.62843e+1050 8.34648e-06 0.000756989
1.10289e+1063 -8.55696e+1062 -3.82372e+1060 -2.66233e+1060 7.18415e+1068 1.88049e+1060 -4.38223e+1067 -3.80651e+1059 -1.11153e+1068 -1.21398e+1059 6.34218e+1067 1.24973e-05 0.000769487
-1.02201e+1080 3.20118e+1079 2.02264e+1078 -4.37997e+1077 -1.11096e+1086 -1.58582e+1077 6.05372e+1085 1.53247e+1077 -7.6114e+1084 -5.09223e+1076 -6.25183e+1084 1.64379e-05 0.000785924
-1.2675e+1098 1.34205e+1098 -8.25917e+1095 8.25302e+1095 -4.87959e+1103 -2.28008e+1095 -3.77994e+1103 -4.57324e+1094 2.636e+1103 6.11073e+1094 -7.0047e+1102 1.54206e-05 0.000801345
1.32283e+1116 -9.02587e+1115 -8.95286e+1113 -1.40113e+1113 9.78218e+1121 2.21448e+1113 -2.00381e+1121 -7.65346e+1112 -8.64401e+1120 1.71203e+1111 7.70514e+1120 1.4435e-05 0.00081578
-8.00352e+1132 -8.84177e+1132 5.58812e+1131 -1.98639e+1131 -1.9386e+1139 -8.6559e+1129 1.82958e+1139 4.03163e+1130 -4.89508e+1138 -1.89099e+1130 -5.79545e+1137 1.51889e-05 0.000830969
-3.24302e+1151 2.88777e+1151 -1.86787e+1148 1.32098e+1149 -1.76259e+1157 -5.65277e+1148 -3.14997e+1156 1.92129e+1147 4.67617e+1156 8.45589e+1147 -1.83547e+1156 1.45407e-05 0.00084551
1.4069e+1169 -7.96174e+1168 -1.53004e+1167 8.81474e+1165 1.1946e+1175 2.30091e+1166 -4.08735e+1174 -1.22261e+1166 -2.98918e+1173 2.33555e+1165 8.32459e+1173 1.64762e-05 0.000861986
4.29423e+1186 -7.33427e+1186 1.26333e+1185 -6.83262e+1184 -9.71526e+1191 8.64906e+1183 4.61006e+1192 8.50425e+1183 -1.94901e+1192 -5.73549e+1183 2.15223e+1191 1.68888e-05 0.000878875
-1.99223e+1205 1.56462e+1205 6.24022e+1202 5.08289e+1202 -1.27994e+1211 -3.40315e+1202 5.65833e+1209 6.40446e+1201 2.07947e+1210 2.44143e+1201 -1.14415e+1210 1.80538e-05 0.000896928
1.79946e+1223 -6.28742e+1222 -3.33154e+1221 6.76897e+1220 1.89476e+1229 2.81375e+1220 -9.88109e+1228 -2.53578e+1220 1.09347e+1228 8.1098e+1219 1.09562e+1228 2.07283e-05 0.000917657
8.00436e+1241 -8.67568e+1241 5.92334e+1239 -5.50226e+1239 2.89265e+1247 1.44654e+1239 2.6266e+1247 3.38844e+1238 -1.74062e+1247 -4.12268e+1238 4.40758e+1246 4.35387e-06 0.000922011
-4.48975e+1256 3.11207e+1256 2.86702e+1254 5.45989e+1253 -3.27432e+1262 -7.53216e+1253 6.22003e+1261 2.47625e+1253 3.11807e+1261 5.85489e+1250 -2.6113e+1261 4.28786e-06 0.000926298
2.49717e+1270 1.52512e+1270 -1.30829e+1269 4.41137e+1268 4.88704e+1276 3.10973e+1267 -4.23503e+1276 -9.50117e+1267 1.06001e+1276 4.27803e+1267 1.71043e+1275 7.69065e-06 0.000933989
1.22231e+1287 -1.10819e+1287 1.40199e+1284 -5.26527e+1284 6.45698e+1292 2.13711e+1284 1.42352e+1292 -2.30581e+1282 -1.83741e+1292 -3.44716e+1283 6.90229e+1291 8.46817e-06 0.000942457
-2.20767e+1303 1.28959e+1303 2.25885e+1301 -8.00186e+1299 -1.83663e+1309 -3.62387e+1300 5.93288e+1308 1.81804e+1300 6.21567e+1307 -3.13552e+1299 -1.30308e+1308 1.13199e-05 0.000953777
-5.46922e+1319 1.07301e+1320 -2.09908e+1318 1.07136e+1318 2.54524e+1325 -1.14762e+1317 -7.53051e+1325 -1.42968e+1317 3.00846e+1325 9.13121e+1316 -2.63103e+1324 1.40906e-05 0.000967868
1.06048e+1338 -8.46341e+1337 -2.84591e+1335 -2.90093e+1335 6.68621e+1343 1.81599e+1335 -1.40126e+1342 -3.07267e+1334 -1.158e+1343 -1.47691e+1334 6.0797e+1342 1.40249e-05 0.000981893
-2.29985e+1355 9.01363e+1354 3.91294e+1353 -7.23524e+1352 -2.32957e+1361 -3.6286e+1352 1.14608e+1361 2.99694e+1352 -1.02712e+1360 -9.07917e+1351 -1.39253e+1360 1.77502e-05 0.000999643
-3.45623e+1373 3.88109e+1373 -3.03393e+1371 2.57131e+1371 -1.12193e+1379 -6.29081e+1370 -1.29538e+1379 -1.7999e+1370 8.02724e+1378 1.95763e+1370 -1.89247e+1378 1.84894e-05 0.00101813
1.23852e+1392 -8.73074e+1391 -7.39396e+1389 -1.71746e+1389 8.89499e+1397 2.08263e+1389 -1.54153e+1397 -6.4668e+1388 -9.15417e+1396 -2.08024e+1387 7.19185e+1396 1.69511e-05 0.00103508
-3.21297e+1409 -1.10907e+1409 1.38226e+1408 -4.44032e+1407 -5.48449e+1415 -4.28401e+1406 4.42987e+1415 1.00958e+1407 -1.04064e+1415 -4.38243e+1406 -2.1331e+1414 1.14776e-05 0.00104656
-1.37209e+1427 1.26372e+1427 -2.26976e+1424 6.19611e+1424 -7.06247e+1432 -2.40553e+1424 -1.83356e+1432 -2.33325e+1422 2.13728e+1432 4.12894e+1423 -7.73244e+1431 1.05034e-05 0.00105706
9.51962e+1443 -5.69188e+1443 -9.27781e+1441 1.55226e+1440 7.79622e+1449 1.56698e+1441 -2.40173e+1449 -7.51246e+1440 -3.1768e+1448 1.1797e+1440 5.60859e+1448 1.12127e-05 0.00106828
1.73664e+1460 -3.95241e+1460 8.5892e+1458 -4.19152e+1458 -1.32164e+1466 3.82482e+1457 3.04248e+1466 5.90019e+1457 -1.16184e+1466 -3.61643e+1457 7.92212e+1464 3.2484e-06 0.00107153
-6.24336e+1474 5.05679e+1474 1.41392e+1472 1.81521e+1472 -3.86657e+1480 -1.07159e+1472 -6.04489e+1477 1.62402e+1471 7.0983e+1479 9.66969e+1470 -3.57342e+1479 3.4489e-06 0.00107497
3.25147e+1488 -1.39613e+1488 -5.10224e+1486 8.4651e+1485 3.17879e+1494 5.17041e+1485 -1.47481e+1494 -3.93308e+1485 9.90691e+1492 1.12343e+1485 1.95906e+1493 7.42277e-06 0.0010824
2.21978e+1504 -2.60142e+1504 2.33234e+1502 -1.80895e+1502 6.18141e+1509 4.07637e+1501 9.61883e+1509 1.42738e+1501 -5.56758e+1509 -1.40032e+1501 1.20683e+1509 1.23746e-05 0.00109477
-7.88489e+1521 5.66705e+1521 4.32355e+1519 1.25088e+1519 -5.56047e+1527 -1.32948e+1519 8.515e+1526 3.84566e+1518 6.23984e+1526 2.7543e+1517 -4.56997e+1526 1.52257e-05 0.00111
1.33027e+1539 1.52876e+1538 -4.64224e+1537 1.39486e+1537 1.98233e+1545 1.87528e+1536 -1.46824e+1545 -3.41573e+1536 3.14823e+1544 1.4117e+1536 8.58895e+1543 1.43729e-05 0.00112437
1.68287e+1557 -1.58525e+1557 4.02943e+1554 -8.11075e+1554 8.32973e+1562 2.96209e+1554 2.67052e+1562 1.16697e+1553 -2.75511e+1562 -5.52833e+1553 9.45588e+1561 1.13912e-05 0.00113576
-2.04494e+1574 1.25932e+1574 1.86375e+1572 1.96992e+1570 -1.64024e+1580 -3.37823e+1571 4.72171e+1579 1.52238e+1571 8.21177e+1578 -2.0525e+1570 -1.20189e+1579 1.06679e-05 0.00114643
-1.74788e+1590 5.43001e+1590 -1.3768e+1589 6.32131e+1588 2.69742e+1596 -4.33103e+1587 -4.79649e+1596 -9.56121e+1587 1.71941e+1596 5.54907e+1587 -6.82263e+1594 1.23722e-05 0.0011588
2.90453e+1608 -2.3896e+1608 -5.26941e+1605 -8.98171e+1605 1.76388e+1614 4.99751e+1605 4.7105e+1612 -6.63e+1604 -3.44274e+1613 -4.98612e+1604 1.65949e+1613 1.33166e-05 0.00117212
-5.36816e+1625 2.44933e+1625 7.91455e+1623 -1.18859e+1623 -5.11227e+1631 -8.58417e+1622 2.26252e+1631 6.13341e+1622 -1.08891e+1630 -1.66501e+1622 -3.22297e+1630 1.58331e-05 0.00118795
-3.03686e+1643 3.6898e+1643 -3.65244e+1641 2.66425e+1641 -7.22487e+1648 -5.62021e+1640 -1.4722e+1649 -2.2792e+1640 8.11253e+1648 2.08779e+1640 -1.64068e+1648 1.88786e-05 0.00120683
1.47166e+1662 -1.07219e+1662 -7.55902e+1659 -2.54424e+1659 1.0242e+1668 2.48619e+1659 -1.41642e+1667 -6.8166e+1658 -1.21945e+1667 -7.04356e+1657 8.51808e+1666 4.18589e-06 0.00121102
-1.23557e+1676 1.65179e+1674 3.75249e+1674 -1.06602e+1674 -1.69195e+1682 -1.79434e+1673 1.17439e+1682 2.77708e+1673 -2.32365e+1681 -1.10278e+1673 -7.8519e+1680 4.4622e-06 0.00121548
-1.15852e+1691 1.11484e+1691 -3.6038e+1688 5.92421e+1688 -5.51291e+1696 -2.04696e+1688 -2.11937e+1696 -1.39019e+1687 1.98577e+1696 4.11508e+1687 -6.491e+1695 8.37226e-06 0.00122385
2.37224e+1707 -1.49739e+1707 -2.03324e+1705 -7.57237e+1703 1.86839e+1713 3.93104e+1704 -5.04135e+1712 -1.67495e+1704 -1.09092e+1712 1.90094e+1703 1.39137e+1712 1.11594e-05 0.00123501
1.33196e+1723 -7.12602e+1723 2.10348e+1722 -9.1442e+1721 -4.86918e+1729 4.29121e+1720 7.22421e+1729 1.47415e+1721 -2.44221e+1729 -8.15765e+1720 2.83098e+1727 1.02506e-05 0.00124526
-1.36853e+1741 1.14451e+1741 1.82644e+1738 4.50129e+1738 -8.13573e+1746 -2.36085e+1738 -4.44133e+1745 2.65972e+1737 1.69258e+1746 2.59391e+1737 -7.80426e+1745 1.30054e-05 0.00125827
2.36438e+1758 -1.14577e+1758 -3.24962e+1756 4.26521e+1755 2.18861e+1764 3.80308e+1755 -9.16521e+1763 -2.53433e+1755 2.25887e+1762 6.45279e+1754 1.41424e+1763 1.37524e-05 0.00127202
4.88689e+1775 -6.25012e+1775 6.98018e+1773 -4.73986e+1773 8.68343e+1780 9.14762e+1772 2.74234e+1781 4.44744e+1772 -1.42385e+1781 -3.77058e+1772 2.61539e+1780 1.62622e-05 0.00128828
-1.07643e+1794 7.97611e+1793 5.05728e+1791 2.05455e+1791 -7.36551e+1799 -1.82293e+1791 8.76345e+1798 4.65237e+1790 9.42593e+1798 6.90976e+1789 -6.21987e+1798 1.74664e-05 0.00130575
5.41737e+1811 -6.11795e+1810 -1.45497e+1810 3.89293e+1809 6.9105e+1817 8.04614e+1808 -4.50487e+1817 -1.08304e+1809 8.14481e+1816 4.12593e+1808 3.39992e+1816 1.63761e-05 0.00132212
1.05115e+1830 -1.03095e+1830 3.95542e+1827 -5.65656e+1827 4.81902e+1835 1.8637e+1827 2.15505e+1835 1.74618e+1826 -1.87535e+1835 -3.98921e+1826 5.87403e+1834 1.9106e-05 0.00134123
-3.21655e+1848 2.06772e+1848 2.62495e+1846 1.56825e+1845 -2.49816e+1854 -5.34253e+1845 6.38898e+1853 2.17779e+1845 1.62084e+1853 -2.08582e+1844 -1.88361e+1853 8.78052e-06 0.00135001
-1.00434e+1863 2.01386e+1864 -6.79579e+1862 2.82767e+1862 1.75746e+1870 -8.1315e+1860 -2.30834e+1870 -4.79557e+1861 7.43486e+1869 2.55658e+1861 9.56728e+1867 7.98829e-06 0.001358
9.53134e+1880 -8.07986e+1880 -8.88426e+1877 -3.29245e+1878 5.5639e+1886 1.64786e+1878 4.39194e+1885 -1.58113e+1877 -1.22002e+1886 -1.94954e+1877 5.4268e+1885 7.61728e-06 0.00136561
-7.05645e+1896 3.57146e+1896 9.16238e+1894 -1.05294e+1894 -6.38882e+1902 -1.14006e+1894 2.55388e+1902 7.18459e+1893 -9.86495e+1899 -1.72606e+1893 -4.20871e+1901 6.87622e-06 0.00137249
-1.9658e+1912 2.64979e+1912 -3.28633e+1910 2.10304e+1910 -2.21608e+1917 -3.7247e+1909 -1.26512e+1918 -2.12738e+1909 6.24132e+1917 1.69507e+1909 -1.04132e+1917 9.6883e-06 0.00138218
2.14677e+1929 -1.61451e+1929 -9.24607e+1926 -4.44216e+1926 1.44652e+1935 3.64343e+1926 -1.46342e+1934 -8.68451e+1925 -1.97002e+1934 -1.69102e+1925 1.23856e+1934 1.43823e-05 0.00139656
-3.76738e+1946 7.2052e+1945 9.07721e+1944 -2.27997e+1944 -4.52792e+1952 -5.69334e+1943 2.78038e+1952 6.79554e+1943 -4.54638e+1951 -2.48131e+1943 -2.34101e+1951 1.62976e-05 0.00141286
-6.06048e+1964 6.07946e+1964 -2.75843e+1962 3.45746e+1962 -2.65089e+1970 -1.07902e+1962 -1.40429e+1970 -1.34472e+1961 1.13255e+1970 2.4781e+1961 -3.37597e+1969 1.97142e-05 0.00143257
2.388e+1983 -1.56622e+1983 -1.83899e+1981 -1.61491e+1980 1.82536e+1989 3.97667e+1980 -4.37156e+1988 -1.53917e+1980 -1.32122e+1988 1.13936e+1979 1.39595e+1988 9.5795e-06 0.00144215
-3.24377e+1998 -2.13795e+1999 8.54383e+1997 -3.38211e+1997 -2.46138e+2005 2.39252e+1995 2.86711e+2005 6.07415e+1996 -8.72535e+2004 -3.10637e+1996 -3.75919e+2003 8.75752e-06 0.00145091
-1.99358e+2016 1.7161e+2016 9.36979e+2012 7.26461e+2013 -1.13916e+2022 -3.45533e+2013 -1.23049e+2021 2.65563e+2012 2.65071e+2021 4.42099e+2012 -1.133e+2021 1.05046e-05 0.00146142
1.0804e+2033 -5.69113e+2032 -1.32419e+2031 1.28935e+2030 9.57194e+2038 1.75292e+2030 -3.64395e+2038 -1.0444e+2030 -6.9339e+2036 2.34964e+2029 6.42624e+2037 1.01864e-05 0.0014716
2.7233e+2049 -3.89664e+2049 5.34935e+2047 -3.24039e+2047 9.43958e+2053 5.23483e+2046 2.0223e+2055 3.5105e+2046 -9.50166e+2054 -2.64514e+2046 1.42469e+2054 9.51633e-06 0.00148112
-2.98669e+2066 2.27749e+2066 1.17587e+2064 6.63359e+2063 -1.98298e+2072 -5.0793e+2063 1.66196e+2071 1.1301e+2063 2.85941e+2071 2.76437e+2062 -1.72067e+2071 1.4085e-05 0.0014952
5.085e+2083 -1.27662e+2083 -1.11789e+2082 2.63701e+2081 5.82519e+2089 7.78539e+2080 -3.38958e+2089 -8.4135e+2080 4.98447e+2088 2.94928e+2080 3.13567e+2088 1.70058e-05 0.00151221
9.17331e+2101 -9.41282e+2101 4.91892e+2099 -5.53854e+2099 3.81399e+2107 1.64022e+2099 2.37733e+2107 2.5613e+2098 -1.79411e+2107 -4.02807e+2098 5.09325e+2106 2.06642e-05 0.00153287
-5.10303e+2120 3.4071e+2120 3.71755e+2118 4.32222e+2117 -3.84405e+2126 -8.5179e+2117 8.62318e+2125 3.13902e+2117 3.05128e+2125 -1.64366e+2116 -2.9783e+2125 1.33336e-05 0.00154621
1.12853e+2137 2.79028e+2137 -1.33256e+2136 5.03611e+2135 4.18691e+2143 7.08704e+2133 -4.42344e+2143 -9.53597e+2134 1.27495e+2143 4.69597e+2134 9.39496e+2141 2.81939e-06 0.00154903
3.31181e+2151 -2.89966e+2151 1.65528e+2147 -1.2775e+2149 1.84646e+2157 5.75631e+2148 2.6271e+2156 -3.19389e+2147 -4.58835e+2156 -7.98607e+2147 1.87832e+2156 3.41766e-06 0.00155244
-2.28294e+2165 1.25532e+2165 2.6119e+2163 -1.96036e+2162 -1.97291e+2171 -3.72148e+2162 7.06959e+2170 2.07522e+2162 3.46397e+2169 -4.27109e+2161 -1.35371e+2170 6.74224e-06 0.00155919
-3.88563e+2180 6.11457e+2180 -9.59e+2178 5.42682e+2178 3.87713e+2185 -7.65306e+2177 -3.5481e+2186 -6.39306e+2177 1.56587e+2186 4.5036e+2177 -1.98879e+2185 8.80718e-06 0.00156799
3.16492e+2197 -2.45677e+2197 -1.09305e+2195 -7.6574e+2194 2.06049e+2203 5.39679e+2194 -1.2432e+2202 -1.08935e+2194 -3.19431e+2202 -3.49951e+2193 1.81992e+2202 1.28845e-05 0.00158088
-3.53212e+2214 1.11166e+2214 6.97155e+2212 -1.50603e+2212 -3.8345e+2220 -5.48242e+2211 2.08583e+2220 5.28301e+2211 -2.61033e+2219 -1.7529e+2211 -2.16026e+2219 1.67526e-05 0.00159763
-4.88655e+2232 5.17845e+2232 -3.20004e+2230 3.18828e+2230 -1.87696e+2238 -8.7918e+2229 -1.46265e+2238 -1.77436e+2229 1.01795e+2238 2.36178e+2229 -2.70011e+2237 1.53025e-05 0.00161293
4.88072e+2250 -3.33204e+2250 -3.2967e+2248 -5.19649e+2247 3.60749e+2256 8.17114e+2247 -7.37108e+2255 -2.81919e+2247 -3.19631e+2255 6.0724e+2245 2.84273e+2255 1.426e-05 0.00162719
-2.77452e+2267 -3.00666e+2267 1.91657e+2266 -6.80143e+2265 -6.66534e+2273 -3.02003e+2264 6.27265e+2273 1.38303e+2265 -1.6748e+2273 -6.47849e+2264 -2.00439e+2272 1.51144e-05 0.00164231
-1.0784e+2286 9.60795e+2285 -6.39592e+2282 4.40023e+2283 -5.85621e+2291 -1.87989e+2283 -1.05372e+2291 6.25835e+2281 1.55695e+2291 2.81872e+2282 -6.10309e+2290 1.45278e-05 0.00165683
4.66289e+2303 -2.6414e+2303 -5.06168e+2301 2.88316e+2300 3.95677e+2309 7.62676e+2300 -1.35151e+2309 -4.0455e+2300 -1.00073e+2308 7.70592e+2299 2.75881e+2308 1.64642e-05 0.0016733
1.40708e+2321 -2.41171e+2321 4.16956e+2319 -2.25116e+2319 -3.26354e+2326 2.83683e+2318 1.52073e+2327 2.80781e+2318 -6.4185e+2326 -1.89053e+2318 7.04536e+2325 1.6926e-05 0.00169022
-6.6522e+2339 5.22682e+2339 2.07497e+2337 1.70077e+2337 -4.27148e+2345 -1.13642e+2337 1.85996e+2344 2.13235e+2336 6.95281e+2344 8.18447e+2335 -3.8202e+2344 1.80278e-05 0.00170825
5.97281e+2357 -2.09492e+2357 -1.10299e+2356 2.23519e+2355 6.28158e+2363 9.34208e+2354 -3.2702e+2363 -8.39685e+2354 3.59919e+2362 2.6813e+2354 3.63594e+2362 2.07147e-05 0.00172897
2.63447e+2376 -2.8582e+2376 1.95935e+2374 -1.81498e+2374 9.49442e+2381 4.7619e+2373 8.67809e+2381 1.12216e+2373 -5.73943e+2381 -1.36055e+2373 1.45045e+2381 5.18825e-06 0.00173416
-4.24127e+2391 2.94034e+2391 2.70656e+2389 5.16503e+2388 -3.09263e+2397 -7.11547e+2388 5.86975e+2396 2.33795e+2388 2.94742e+2396 6.19416e+2385 -2.46674e+2396 4.87261e-06 0.00173903
5.07123e+2405 3.10963e+2405 -2.66125e+2404 8.97656e+2403 9.93625e+2411 6.31108e+2402 -8.61529e+2411 -1.93259e+2403 2.15736e+2411 8.70413e+2402 3.47452e+2410 8.30281e-06 0.00174733
3.93877e+2422 -3.57027e+2422 4.49001e+2419 -1.69555e+2420 2.08145e+2428 6.88638e+2419 4.57777e+2427 -7.62643e+2417 -5.9179e+2427 -1.10978e+2419 2.22426e+2427 8.91055e-06 0.00175624
-9.64803e+2438 5.63327e+2438 9.88066e+2436 -3.53375e+2435 -8.02887e+2444 -1.58363e+2436 2.59584e+2444 7.9516e+2435 2.70677e+2443 -1.37363e+2435 -5.69497e+2443 1.16888e-05 0.00176793
-2.91065e+2455 5.69545e+2455 -1.11183e+2454 5.67996e+2453 1.34045e+2461 -6.10251e+2452 -3.98977e+2461 -7.57124e+2452 1.5954e+2461 4.83984e+2452 -1.40139e+2460 1.43629e-05 0.00178229
6.30588e+2473 -5.03119e+2473 -1.69707e+2471 -1.72299e+2471 3.97708e+2479 1.07979e+2471 -8.49542e+2477 -1.83049e+2470 -6.88058e+2478 -8.7641e+2469 3.61525e+2478 1.42407e-05 0.00179653
-1.49658e+2491 5.85525e+2490 2.54987e+2489 -4.72296e+2488 -1.51688e+2497 -2.3609e+2488 7.47008e+2496 1.95274e+2488 -6.72241e+2495 -5.9215e+2487 -9.0624e+2495 1.79183e-05 0.00181445
-2.38633e+2509 2.67791e+2509 -2.08855e+2507 1.77279e+2507 -7.76281e+2514 -4.34286e+2506 -8.92282e+2514 -1.23834e+2506 5.53568e+2514 1.34932e+2506 -1.30678e+2514 1.84908e-05 0.00183294
8.5419e+2527 -6.01952e+2527 -5.10631e+2525 -1.1817e+2525 6.13655e+2533 1.43629e+2525 -1.06548e+2533 -4.46486e+2524 -6.30616e+2532 -1.40931e+2523 4.96026e+2532 1.68938e-05 0.00184984
-2.163e+2545 -7.56694e+2544 9.34102e+2543 -3.00383e+2543 -3.70168e+2551 -2.8807e+2542 2.99424e+2551 6.8217e+2542 -7.0438e+2550 -2.96352e+2542 -1.43682e+2550 1.12971e-05 0.00186113
-8.43821e+2562 7.7691e+2562 -1.38657e+2560 3.80674e+2560 -4.34584e+2568 -1.47929e+2560 -1.12447e+2568 -1.3691e+2558 1.31341e+2568 2.53579e+2559 -4.75559e+2567 1.03101e-05 0.00187144
5.23127e+2579 -3.12641e+2579 -5.10341e+2577 8.7361e+2575 4.28556e+2585 8.61049e+2576 -1.32151e+2585 -4.13184e+2576 -1.74034e+2584 6.50144e+2575 3.08217e+2584 1.11386e-05 0.00188258
9.22119e+2595 -2.09151e+2596 4.53549e+2594 -2.21527e+2594 -6.9504e+2601 2.02854e+2593 1.60696e+2602 3.11506e+2593 -6.14209e+2601 -1.91086e+2593 4.21215e+2600 1.27711e-06 0.00188386
-1.21085e+2608 9.84606e+2607 2.60532e+2605 3.57664e+2605 -7.4624e+2613 -2.07955e+2605 -5.8059e+2611 3.05287e+2604 1.39136e+2613 1.92637e+2604 -6.92732e+2612 2.70765e-06 0.00188657
1.50872e+2621 -6.62118e+2620 -2.31705e+2619 3.72086e+2618 1.46153e+2627 2.40387e+2618 -6.67251e+2626 -1.78932e+2618 4.0553e+2625 5.02483e+2617 9.07894e+2625 6.32783e-06 0.0018929
3.77577e+2636 -4.48274e+2636 4.17125e+2634 -3.16069e+2634 9.96989e+2641 6.95293e+2633 1.7052e+2642 2.5722e+2633 -9.6893e+2641 -2.45793e+2633 2.04818e+2641 1.11293e-05 0.00190402
-7.30443e+2653 5.27768e+2653 3.90712e+2651 1.19907e+2651 -5.12493e+2659 -1.23253e+2651 7.55592e+2658 3.49315e+2650 5.88585e+2658 2.91728e+2649 -4.23134e+2658 1.27422e-05 0.00191677
4.46322e+2670 2.91326e+2669 -1.47934e+2669 4.35905e+2668 6.4423e+2676 6.36528e+2667 -4.66145e+2676 -1.09073e+2668 9.72326e+2675 4.44506e+2667 2.86414e+2675 1.17153e-05 0.00192848
1.54724e+2688 -1.4676e+2688 4.06135e+2685 -7.60346e+2685 7.56323e+2693 2.72671e+2685 2.57604e+2693 1.32513e+2684 -2.57136e+2693 -5.2157e+2684 8.68579e+2692 1.41984e-05 0.00194268
-7.2052e+2705 4.47272e+2705 6.44121e+2703 1.20953e+2702 -5.74575e+2711 -1.19147e+2703 1.62115e+2711 5.2752e+2702 3.0282e+2710 -6.76382e+2701 -4.23197e+2710 1.35858e-05 0.00195627
-2.2204e+2722 7.81498e+2722 -2.07255e+2721 9.35814e+2720 4.29011e+2728 -5.80593e+2719 -7.18848e+2728 -1.4434e+2720 2.53162e+2728 8.25497e+2719 -7.94031e+2726 1.3749e-05 0.00197002
8.11696e+2740 -6.71039e+2740 -1.35809e+2738 -2.55701e+2738 4.89878e+2746 1.39768e+2738 1.70398e+2745 -1.77185e+2737 -9.74397e+2745 -1.43608e+2737 4.63501e+2745 1.47885e-05 0.0019848
-2.87735e+2758 1.33773e+2758 4.15443e+2756 -6.01055e+2755 -2.71676e+2764 -4.60939e+2755 1.183e+2764 3.22544e+2755 -4.89398e+2762 -8.59729e+2754 -1.72555e+2763 1.64087e-05 0.00200121
-1.92547e+2776 2.37264e+2776 -2.43287e+2774 1.73728e+2774 -4.26831e+2781 -3.57441e+2773 -9.73066e+2781 -1.5279e+2773 5.26934e+2781 1.36737e+2773 -1.03761e+2781 1.89941e-05 0.00202021
9.97242e+2794 -7.30133e+2794 -4.99571e+2792 -1.77598e+2792 6.90651e+2800 1.6859e+2792 -9.1698e+2799 -4.52967e+2791 -8.39915e+2799 -5.24438e+2790 5.76926e+2799 1.01763e-05 0.00203038
-1.78434e+2811 6.99597e+2809 5.25647e+2809 -1.47273e+2809 -2.40001e+2817 -2.60658e+2808 1.64092e+2817 3.89547e+2808 -3.18103e+2816 -1.53195e+2808 -1.13027e+2816 9.47796e-06 0.00203986
-1.47898e+2828 1.42803e+2828 -4.77044e+2825 7.63261e+2825 -6.99254e+2833 -2.61478e+2825 -2.76309e+2833 -1.8948e+2824 2.55329e+2833 5.31664e+2824 -8.28268e+2832 1.32838e-05 0.00205314
4.87972e+2845 -3.08931e+2845 -4.15006e+2843 -1.69029e+2842 3.83467e+2851 8.08922e+2842 -1.02607e+2851 -3.42254e+2842 -2.27873e+2850 3.78981e+2841 2.86134e+2850 8.72646e-06 0.00206187
5.42018e+2860 -3.28044e+2861 9.90272e+2859 -4.27225e+2859 -2.33982e+2867 1.87244e+2858 3.39439e+2867 6.94847e+2858 -1.138e+2867 -3.82009e+2858 8.50374e+2864 8.14894e-06 0.00207002
-1.61487e+2878 1.35394e+2878 2.03489e+2875 5.36093e+2875 -9.5681e+2883 -2.78694e+2875 -5.64813e+2882 3.0534e+2874 2.01018e+2883 3.10567e+2874 -9.20637e+2882 1.13658e-05 0.00208139
1.25714e+2895 -6.14484e+2894 -1.7092e+2893 2.1914e+2892 1.15872e+2901 2.02384e+2892 -4.81011e+2900 -1.33434e+2892 1.00117e+2899 3.36156e+2891 7.5153e+2899 1.22659e-05 0.00209365
1.27345e+2912 -1.64362e+2912 1.87162e+2910 -1.25676e+2910 2.12214e+2917 2.38868e+2909 7.32451e+2917 1.1962e+2909 -3.76691e+2917 -1.00219e+2909 6.80347e+2916 1.49657e-05 0.00210862
-1.7355e+2930 1.2895e+2930 8.02901e+2927 3.36367e+2927 -1.18419e+2936 -2.94023e+2927 1.37069e+2935 7.41272e+2926 1.53311e+2935 1.16051e+2926 -1.00253e+2935 1.85739e-05 0.00212719
1.29012e+2948 -1.65643e+2947 -3.39458e+2946 8.98199e+2945 1.62692e+2954 1.92277e+2945 -1.04899e+2954 -2.52944e+2945 1.86409e+2953 9.56345e+2944 8.08095e+2952 1.74629e-05 0.00214465
3.57464e+2966 -3.51962e+2966 1.39337e+2964 -1.94342e+2964 1.62591e+2972 6.34239e+2963 7.49201e+2971 6.27947e+2962 -6.42927e+2971 -1.37459e+2963 1.99648e+2971 1.99983e-05 0.00216465
-1.45491e+2985 9.38675e+2984 1.17532e+2983 7.58589e+2981 -1.12677e+2991 -2.41767e+2982 2.84925e+2990 9.76574e+2981 7.46022e+2989 -8.98749e+2980 -8.51727e+2989 2.5327e-06 0.00216719
6.88638e+2995 4.97351e+2997 -1.77605e+2996 7.26287e+2995 4.77824e+3003 -1.54938e+2994 -6.00703e+3003 -1.25661e+2995 1.89734e+3003 6.60225e+2994 4.37998e+3001 3.00123e-06 0.00217019
6.87652e+3011 -5.87196e+3011 -4.90569e+3008 -2.43711e+3009 3.97401e+3017 1.19028e+3009 3.67776e+3016 -1.03437e+3008 -8.96347e+3016 -1.46257e+3008 3.91186e+3016 5.93452e-06 0.00217612
-1.17441e+3027 6.07072e+3026 1.48019e+3025 -1.56893e+3024 -1.05136e+3033 -1.90161e+3024 4.09909e+3032 1.16412e+3024 3.15824e+3030 -2.70608e+3023 -6.99455e+3031 6.76788e-06 0.00218289
-2.74475e+3042 3.81382e+3042 -4.99098e+3040 3.10154e+3040 -2.02017e+3047 -5.23842e+3039 -1.90265e+3048 -3.25495e+3039 9.14651e+3047 2.51672e+3039 -1.4449e+3047 8.73877e-06 0.00219163
1.70974e+3059 -1.29544e+3059 -7.02499e+3056 -3.67692e+3056 1.143e+3065 2.90491e+3056 -1.0508e+3064 -6.67697e+3055 -1.60535e+3064 -1.47305e+3055 9.85665e+3063 1.34757e-05 0.0022051
-2.13899e+3076 4.80946e+3075 4.90019e+3074 -1.19043e+3074 -2.50314e+3082 -3.25631e+3073 1.49278e+3082 3.67899e+3073 -2.30907e+3081 -1.31432e+3073 -1.32345e+3081 1.62037e-05 0.00222131
-3.07854e+3094 3.12553e+3094 -1.53298e+3092 1.81037e+3092 -1.3114e+3100 -5.49346e+3091 -7.57946e+3099 -7.76264e+3090 5.8945e+3099 1.30791e+3091 -1.71193e+3099 1.98981e-05 0.00224121
1.3262e+3113 -8.78321e+3112 -9.91285e+3110 -1.02004e+3110 1.00572e+3119 2.2113e+3110 -2.32617e+3118 -8.33567e+3109 -7.65974e+3117 5.20898e+3108 7.74577e+3117 7.92151e-06 0.00224913
-9.82079e+3127 -3.4511e+3128 1.52055e+3127 -5.86385e+3126 -4.60675e+3134 -2.77569e+3124 5.0712e+3134 1.08507e+3126 -1.49699e+3134 -5.43157e+3125 -8.98647e+3132 7.31072e-06 0.00225644
-1.17376e+3145 1.01895e+3145 2.49722e+3141 4.40112e+3142 -6.62648e+3150 -2.03723e+3142 -8.26692e+3149 1.35004e+3141 1.59308e+3150 2.71547e+3141 -6.66401e+3149 8.09431e-06 0.00226453
1.37755e+3161 -7.40805e+3160 -1.63486e+3159 1.42431e+3158 1.20617e+3167 2.24005e+3158 -4.46498e+3166 -1.2938e+3158 -1.4587e+3165 2.79642e+3157 8.18163e+3165 7.73975e-06 0.00227227
6.05014e+3176 -9.02492e+3176 1.31828e+3175 -7.73189e+3174 -1.36852e+3181 1.17518e+3174 4.9324e+3182 8.71732e+3173 -2.25033e+3182 -6.36044e+3173 3.13595e+3181 7.29249e-06 0.00227956
-1.44754e+3193 1.11337e+3193 5.36223e+3190 3.3533e+3190 -9.52093e+3198 -2.46492e+3190 6.91475e+3197 5.23903e+3189 1.42201e+3198 1.46531e+3189 -8.33191e+3197 1.18169e-05 0.00229138
9.0898e+3209 -2.57984e+3209 -1.89324e+3208 4.2826e+3207 1.01325e+3216 1.40157e+3207 -5.70342e+3215 -1.42967e+3207 7.78199e+3214 4.88048e+3206 5.58162e+3214 1.56524e-05 0.00230703
9.14276e+3227 -9.52689e+3227 5.41564e+3225 -5.73068e+3225 3.66436e+3233 1.63958e+3225 2.54311e+3233 2.91561e+3224 -1.84322e+3233 -4.20587e+3224 5.06476e+3232 1.98422e-05 0.00232688
-4.15391e+3246 2.80407e+3246 2.91789e+3244 3.9625e+3243 -3.1002e+3252 -6.9438e+3243 6.65296e+3251 2.47865e+3243 2.59996e+3251 -9.34635e+3241 -2.42193e+3251 1.6635e-05 0.00234351
4.67007e+3263 7.53844e+3263 -4.10016e+3262 1.5036e+3262 1.35521e+3270 4.26181e+3260 -1.35175e+3270 -2.94609e+3261 3.75759e+3269 1.41624e+3261 3.57016e+3268 1.31356e-05 0.00235665
1.0217e+3282 -9.00746e+3281 2.69803e+3278 -4.03088e+3279 5.63798e+3287 1.77788e+3279 8.8451e+3286 -8.30638e+3277 -1.43899e+3287 -2.54523e+3278 5.78972e+3286 1.18919e-05 0.00236854
-1.27845e+3299 7.09982e+3298 1.43797e+3297 -9.96456e+3295 -1.09824e+3305 -2.08635e+3296 3.87538e+3304 1.14466e+3296 2.20496e+3303 -2.29979e+3295 -7.57524e+3303 1.4461e-05 0.002383
-2.01467e+3316 3.2433e+3316 -5.22972e+3314 2.9194e+3314 2.69714e+3321 -3.99224e+3313 -1.92679e+3322 -3.49676e+3313 8.39526e+3321 2.431e+3313 -1.02539e+3321 1.45823e-05 0.00239758
3.51449e+3334 -2.73693e+3334 -1.18267e+3332 -8.63082e+3331 2.27977e+3340 5.99578e+3331 -1.27521e+3339 -1.18767e+3331 -3.58052e+3339 -4.00195e+3330 2.02023e+3339 1.72239e-05 0.00241481
-2.2797e+3352 7.39493e+3351 4.42191e+3350 -9.40149e+3349 -2.45413e+3358 -3.54575e+3349 1.31995e+3358 3.35484e+3349 -1.60139e+3357 -1.10242e+3349 -1.39253e+3357 2.00168e-05 0.00243482
-8.91439e+3370 9.50107e+3370 -6.02887e+3368 5.89474e+3368 -3.37308e+3376 -1.60566e+3368 -2.73297e+3376 -3.37208e+3367 1.87754e+3376 4.37975e+3367 -4.92144e+3375 1.30324e-05 0.00244785
3.44755e+3388 -2.36231e+3388 -2.29799e+3386 -3.79644e+3385 2.54e+3394 5.77465e+3385 -5.10284e+3393 -1.96968e+3385 -2.29067e+3393 3.1466e+3383 2.00731e+3393 1.21929e-05 0.00246005
-8.21475e+3404 -7.82595e+3404 5.29485e+3403 -1.85793e+3403 -1.87214e+3411 -9.29848e+3401 1.72866e+3411 3.82635e+3402 -4.55108e+3410 -1.77665e+3402 -5.8493e+3409 1.39608e-05 0.00247401
-1.83261e+3423 1.63886e+3423 -1.30258e+3420 7.56614e+3420 -9.8943e+3428 -3.19666e+3420 -1.86367e+3428 9.11008e+3418 2.669e+3428 4.87042e+3419 -1.03666e+3428 1.39168e-05 0.00248793
6.20694e+3440 -3.54005e+3440 -6.65315e+3438 3.49051e+3437 5.24441e+3446 1.01602e+3438 -1.77039e+3446 -5.32527e+3437 -1.42298e+3445 9.94223e+3436 3.67045e+3445 1.59895e-05 0.00250391
1.49562e+3458 -2.62898e+3458 4.66308e+3456 -2.48768e+3456 -4.08579e+3463 3.03706e+3455 1.69468e+3464 3.14795e+3455 -7.07056e+3463 -2.09563e+3455 7.43677e+3462 1.68927e-05 0.00252081
-7.27471e+3476 5.7346e+3476 2.20329e+3474 1.88696e+3474 -4.65362e+3482 -1.24338e+3474 1.81108e+3481 2.28532e+3473 7.67415e+3481 9.19577e+3472 -4.17621e+3481 1.76364e-05 0.00253844
5.83188e+3494 -2.09859e+3494 -1.05823e+3493 2.10557e+3492 6.08338e+3500 9.13926e+3491 -3.12962e+3500 -8.06626e+3491 3.31315e+3499 2.54823e+3491 3.54594e+3499 2.04629e-05 0.00255891
2.31681e+3513 -2.53079e+3513 1.7839e+3511 -1.62108e+3511 8.1873e+3518 4.19343e+3510 7.83753e+3518 1.02985e+3510 -5.11265e+3518 -1.21915e+3510 1.27418e+3518 9.28423e-06 0.00256819
-1.24543e+3530 8.65955e+3529 7.85807e+3527 1.55347e+3527 -9.05743e+3535 -2.09026e+3527 1.69328e+3535 6.80189e+3526 8.75117e+3534 5.15877e+3524 -7.24144e+3534 8.5083e-06 0.0025767
4.3468e+3545 2.48093e+3545 -2.216e+3544 7.42711e+3543 8.34315e+3551 5.4707e+3542 -7.16425e+3551 -1.61049e+3543 1.7793e+3551 7.21817e+3542 2.96356e+3550 1.04324e-05 0.00258713
1.2845e+3563 -1.16649e+3563 1.5407e+3560 -5.56085e+3560 6.76756e+3568 2.24649e+3560 1.51876e+3568 -1.94664e+3558 -1.93814e+3568 -3.64768e+3559 7.25199e+3567 9.74586e-06 0.00259688
-5.42074e+3579 3.17388e+3579 5.52029e+3577 -1.8576e+3576 -4.5027e+3585 -8.90054e+3576 1.44792e+3585 4.44557e+3576 1.55424e+3584 -7.60165e+3575 -3.19901e+3584 1.22131e-05 0.00260909
-2.07387e+3596 4.11773e+3596 -8.13239e+3594 4.13343e+3594 1.01126e+3602 -4.36789e+3593 -2.91401e+3602 -5.54344e+3593 1.15934e+3602 3.52688e+3593 -9.93776e+3600 1.4751e-05 0.00262384
5.38836e+3614 -4.30521e+3614 -1.42874e+3612 -1.48108e+3612 3.39269e+3620 9.22879e+3611 -6.5347e+3618 -1.54902e+3611 -5.90243e+3619 -7.56867e+3610 3.08875e+3619 1.41753e-05 0.00263802
-1.25327e+3632 4.94602e+3631 2.12025e+3630 -3.89327e+3629 -1.26625e+3638 -1.97849e+3629 6.20461e+3637 1.62462e+3629 -5.46773e+3636 -4.90264e+3628 -7.58567e+3636 1.78442e-05 0.00265586
-1.92328e+3650 2.16534e+3650 -1.7082e+3648 1.43902e+3648 -6.19001e+3655 -3.5025e+3647 -7.27577e+3655 -1.01567e+3647 4.48828e+3655 1.09678e+3647 -1.05265e+3655 1.87545e-05 0.00267462
7.55278e+3668 -5.3309e+3668 -4.48533e+3666 -1.05705e+3666 5.41804e+3674 1.27025e+3666 -9.32048e+3673 -3.92686e+3665 -5.60782e+3673 -1.35677e+3664 4.38521e+3673 1.73176e-05 0.00269193
-2.26146e+3686 -7.40256e+3685 9.5867e+3684 -3.06688e+3684 -3.82227e+3692 -3.02871e+3683 3.06977e+3692 7.00527e+3683 -7.17169e+3691 -3.03151e+3683 -1.49819e+3691 1.21523e-05 0.00270409
-1.33621e+3704 1.23232e+3704 -2.26858e+3701 6.05797e+3701 -6.86227e+3709 -2.34317e+3701 -1.80531e+3709 -2.68359e+3699 2.08764e+3709 4.04265e+3700 -7.52894e+3708 1.12224e-05 0.00271531
1.38532e+3721 -8.29788e+3720 -1.34487e+3719 2.04297e+3717 1.13312e+3727 2.28081e+3718 -3.47725e+3726 -1.08951e+3718 -4.67943e+3725 1.69712e+3717 8.16058e+3725 1.14463e-05 0.00272675
2.79777e+3737 -6.45601e+3737 1.41499e+3736 -6.88089e+3735 -2.21259e+3743 6.19126e+3734 5.00729e+3743 9.72633e+3734 -1.90531e+3743 -5.94261e+3734 1.26926e+3742 4.52618e-06 0.00273128
-7.51149e+3752 6.08534e+3752 1.69605e+3750 2.18599e+3750 -4.65058e+3758 -1.28929e+3750 -8.98485e+3755 1.9503e+3749 8.54551e+3757 1.16526e+3749 -4.29913e+3757 4.38974e-06 0.00273567
1.66191e+3767 -7.12508e+3766 -2.61173e+3765 4.3425e+3764 1.62578e+3773 2.64236e+3764 -7.55114e+3772 -2.01301e+3764 5.10494e+3771 5.75644e+3763 1.00141e+3772 8.58591e-06 0.00274426
2.72834e+3783 -3.19342e+3783 2.85262e+3781 -2.21761e+3781 7.63512e+3788 5.00895e+3780 1.17749e+3789 1.74445e+3780 -6.82803e+3788 -1.7159e+3780 1.48363e+3788 1.35162e-05 0.00275777
-1.641e+3801 1.17874e+3801 9.02223e+3798 2.59344e+3798 -1.15789e+3807 -2.76669e+3798 1.78029e+3806 8.02059e+3797 1.29605e+3806 5.64253e+3796 -9.51155e+3805 1.60111e-05 0.00277378
3.72112e+3818 4.49659e+3817 -1.30633e+3817 3.93369e+3816 5.56582e+3824 5.23835e+3815 -4.13336e+3824 -9.60964e+3815 8.88985e+3823 3.97785e+3815 2.4043e+3823 1.4933e-05 0.00278872
5.96763e+3836 -5.61712e+3836 1.41348e+3834 -2.86984e+3834 2.95793e+3842 1.05025e+3834 9.41784e+3841 4.02931e+3832 -9.7534e+3841 -1.95467e+3833 3.35351e+3841 1.11293e-05 0.00279985
-6.2917e+3853 3.87101e+3853 5.7468e+3851 5.54549e+3849 -5.0499e+3859 -1.03927e+3851 1.45699e+3859 4.69282e+3850 2.51305e+3858 -6.36177e+3849 -3.69817e+3858 1.03355e-05 0.00281018
-4.52558e+3869 1.38837e+3870 -3.50281e+3868 1.61127e+3868 6.81875e+3875 -1.11556e+3867 -1.22092e+3876 -2.43175e+3867 4.38534e+3875 1.41366e+3867 -1.78043e+3874 1.21856e-05 0.00282237
6.75643e+3887 -5.55562e+3887 -1.23633e+3885 -2.08496e+3885 4.10592e+3893 1.16241e+3885 1.05996e+3892 -1.54973e+3884 -7.99705e+3892 -1.15592e+3884 3.86049e+3892 1.31206e-05 0.00283549
-1.13955e+3905 5.1883e+3904 1.68404e+3903 -2.53929e+3902 -1.08628e+3911 -1.82188e+3902 4.81621e+3910 1.30478e+3902 -2.35378e+3909 -3.54914e+3901 -6.84261e+3909 1.57349e-05 0.00285122
-6.24207e+3922 7.57261e+3922 -7.46668e+3920 5.4595e+3920 -1.49589e+3928 -1.15482e+3920 -3.01224e+3928 -4.65598e+3919 1.66311e+3928 4.27615e+3919 -3.37322e+3927 1.88375e-05 0.00287006
2.97595e+3941 -2.16696e+3941 -1.53274e+3939 -5.12773e+3938 2.07221e+3947 5.02709e+3938 -2.87837e+3946 -1.38138e+3938 -2.46143e+3946 -1.40876e+3937 1.72259e+3946 3.28904e-06 0.00287335
-5.88181e+3954 8.1288e+3952 1.7854e+3953 -5.07086e+3952 -8.05187e+3960 -8.54267e+3951 5.58739e+3960 1.32134e+3952 -1.10514e+3960 -5.24618e+3951 -3.7376e+3959 3.8873e-06 0.00287724
-2.40657e+3969 2.31698e+3969 -7.52647e+3966 1.23228e+3967 -1.1441e+3975 -4.25249e+3966 -4.41619e+3974 -2.91637e+3965 4.12933e+3974 8.5632e+3965 -1.34827e+3974 7.71783e-06 0.00288495
3.02868e+3985 -1.913e+3985 -2.59143e+3983 -9.84985e+3981 2.38422e+3991 5.01924e+3982 -6.42136e+3990 -2.1353e+3982 -1.39756e+3990 2.41043e+3981 1.77629e+3990 1.06618e-05 0.00289562
1.25572e+4001 -6.88778e+4001 2.04294e+4000 -8.86645e+3999 -4.7502e+4007 4.10184e+3998 7.01333e+4007 1.4321e+3999 -2.36668e+4007 -7.91378e+3998 2.53451e+4005 9.82969e-06 0.00290545
-1.03194e+4019 8.63479e+4018 1.36106e+4016 3.40085e+4016 -6.13046e+4024 -1.78036e+4016 -3.40377e+4023 1.99414e+4015 1.27804e+4024 1.96197e+4015 -5.88447e+4023 1.26926e-05 0.00291814
1.54428e+4036 -7.49718e+4035 -2.11764e+4034 2.76601e+4033 1.42819e+4042 2.4844e+4033 -5.96986e+4041 -1.65186e+4033 1.42362e+4040 4.19662e+4032 9.23586e+4040 1.34649e-05 0.0029316
2.79623e+4053 -3.583e+4053 4.01776e+4051 -2.72186e+4051 4.90518e+4058 5.23643e+4050 1.57719e+4059 2.56159e+4050 -8.17267e+4058 -2.16635e+4050 1.49597e+4058 1.6011e-05 0.00294761
-5.63144e+4071 4.17514e+4071 2.63734e+4069 1.07831e+4069 -3.85108e+4077 -9.53759e+4068 4.55619e+4076 2.42798e+4068 4.94028e+4076 3.64624e+4067 -3.25378e+4076 1.92981e-05 0.00296691
5.17698e+4089 -6.00279e+4088 -1.3849e+4088 3.69755e+4087 6.58914e+4095 7.69429e+4086 -4.28631e+4095 -1.03108e+4087 7.72418e+4094 3.92229e+4086 3.24781e+4094 1.74841e-05 0.0029844
1.47958e+4108 -1.45216e+4108 5.60352e+4105 -7.97678e+4105 6.77352e+4113 2.62363e+4105 3.04557e+4113 2.48331e+4104 -2.64355e+4113 -5.62851e+4104 8.26731e+4112 1.98978e-05 0.00300429
-5.78852e+4126 3.72347e+4126 4.71546e+4124 2.85672e+4123 -4.49346e+4132 -9.61524e+4123 1.14692e+4132 3.91321e+4123 2.9259e+4131 -3.72233e+4122 -3.38957e+4131 8.62243e-06 0.00301292
-1.42899e+4141 3.23357e+4142 -1.09683e+4141 4.55647e+4140 2.84726e+4148 -1.27906e+4139 -3.72415e+4148 -7.74192e+4139 1.19733e+4148 4.12171e+4139 1.65307e+4146 7.77915e-06 0.0030207
1.31008e+4159 -1.11116e+4159 -1.2005e+4156 -4.53392e+4156 7.64203e+4164 2.26516e+4156 6.10655e+4163 -2.15866e+4155 -1.67912e+4164 -2.68732e+4155 7.45863e+4163 6.2005e-06 0.0030269
-2.82969e+4174 1.43548e+4174 3.66253e+4172 -4.17457e+4171 -2.55886e+4180 -4.57281e+4171 1.02018e+4180 2.87284e+4171 -2.70507e+4177 -6.87821e+4170 -1.68746e+4179 5.63521e-06 0.00303253
-2.36257e+4189 3.19814e+4189 -3.99735e+4187 2.54709e+4187 -2.53602e+4194 -4.48096e+4186 -1.53662e+4195 -2.59051e+4186 7.55227e+4194 2.05498e+4186 -1.25043e+4194 8.50499e-06 0.00304104
1.19036e+4206 -8.963e+4205 -5.0891e+4203 -2.47863e+4203 8.01074e+4211 2.0206e+4203 -7.98669e+4210 -4.78878e+4202 -1.09641e+4211 -9.51728e+4201 6.86688e+4210 1.32986e-05 0.00305433
-1.31711e+4223 2.59569e+4222 3.14642e+4221 -7.85994e+4220 -1.57578e+4229 -1.99299e+4220 9.62889e+4228 2.35665e+4220 -1.56041e+4228 -8.57407e+4219 -8.17832e+4227 1.56466e-05 0.00306998
-1.63769e+4241 1.64611e+4241 -7.56999e+4238 9.39053e+4238 -7.13237e+4246 -2.91686e+4238 -3.83401e+4246 -3.71582e+4237 3.07289e+4246 6.73967e+4237 -9.12007e+4245 1.9283e-05 0.00308926
5.68292e+4259 -3.73352e+4259 -4.35431e+4257 -3.93377e+4256 4.33806e+4265 9.46569e+4256 -1.03286e+4265 -3.64727e+4256 -3.16791e+4264 2.62913e+4255 3.32155e+4264 7.77519e-06 0.00309704
-2.51182e+4274 -1.42886e+4275 5.81616e+4273 -2.2907e+4273 -1.69254e+4281 1.10107e+4271 1.94941e+4281 4.13798e+4272 -5.89782e+4280 -2.10738e+4272 -2.73129e+4279 7.2427e-06 0.00310428
-4.32174e+4291 3.72697e+4291 1.79265e+4288 1.58463e+4289 -2.46314e+4297 -7.4928e+4288 -2.74824e+4296 5.58826e+4287 5.77189e+4296 9.67284e+4287 -2.45562e+4296 9.15909e-06 0.00311344
1.03689e+4308 -5.4881e+4307 -1.26163e+4306 1.19954e+4305 9.16183e+4313 1.68319e+4305 -3.46596e+4313 -9.95818e+4304 -7.64573e+4311 2.22062e+4304 6.16537e+4312 8.07525e-06 0.00312152
6.33662e+4323 -9.1559e+4323 1.27614e+4322 -7.66885e+4321 1.35721e+4328 1.221e+4321 4.81198e+4329 8.39067e+4320 -2.24463e+4329 -6.27194e+4320 3.30793e+4328 7.49256e-06 0.00312901
-1.68478e+4340 1.28768e+4340 6.52886e+4337 3.78477e+4337 -1.11581e+4346 -2.8662e+4337 9.02229e+4344 6.30119e+4336 1.62417e+4345 1.59821e+4336 -9.70392e+4344 1.21606e-05 0.00314117
1.2067e+4357 -3.14212e+4356 -2.6131e+4355 6.09471e+4354 1.37175e+4363 1.85126e+4354 -7.90918e+4362 -1.96848e+4354 1.14018e+4362 6.85075e+4353 7.43222e+4361 1.56789e-05 0.00315685
1.30528e+4375 -1.34499e+4375 7.19781e+4372 -7.96236e+4372 5.37396e+4380 2.33575e+4372 3.44997e+4380 3.78496e+4371 -2.57418e+4380 -5.8056e+4371 7.24278e+4379 1.9738e-05 0.00317659
-5.57737e+4393 3.73537e+4393 4.02226e+4391 4.89161e+4390 -4.19045e+4399 -9.31349e+4390 9.28644e+4398 3.40191e+4390 3.37875e+4398 -1.64423e+4389 -3.25422e+4398 1.40654e-05 0.00319065
1.86598e+4410 4.0604e+4410 -2.00815e+4409 7.52591e+4408 6.402e+4416 1.35526e+4407 -6.65322e+4416 -1.43871e+4408 1.89851e+4416 7.03719e+4407 1.50958e+4415 6.91086e-06 0.00319756
1.07938e+4427 -9.45641e+4426 7.47279e+4422 -4.17215e+4424 6.01242e+4432 1.87628e+4424 8.63255e+4431 -1.02625e+4423 -1.49766e+4432 -2.61055e+4423 6.12133e+4431 6.24386e-06 0.00320381
-2.76692e+4442 1.5193e+4442 3.17323e+4440 -2.40717e+4439 -2.3932e+4448 -4.50973e+4439 8.5941e+4447 2.52055e+4439 4.1167e+4446 -5.20491e+4438 -1.64087e+4447 9.65431e-06 0.00321346
-4.11046e+4458 6.42925e+4458 -1.00069e+4457 5.68418e+4456 3.73317e+4463 -8.08291e+4455 -3.70668e+4464 -6.66538e+4455 1.64166e+4464 4.71275e+4455 -2.10697e+4463 1.07544e-05 0.00322422
1.09872e+4476 -8.51871e+4475 -3.83014e+4473 -2.6437e+4473 7.16258e+4481 1.87319e+4473 -4.43628e+4480 -3.80689e+4472 -1.1051e+4481 -1.20161e+4472 6.31872e+4480 1.45841e-05 0.0032388
-2.55956e+4493 7.95104e+4492 5.08885e+4491 -1.1065e+4491 -2.78853e+4499 -3.96937e+4490 1.52399e+4499 3.85444e+4490 -1.93121e+4498 -1.284e+4490 -1.56626e+4498 1.80134e-05 0.00325681
-5.5411e+4511 5.85762e+4511 -3.57758e+4509 3.59438e+4509 -2.14202e+4517 -9.96465e+4508 -1.64127e+4517 -1.9759e+4508 1.14882e+4517 2.65909e+4508 -3.06294e+4516 1.60636e-05 0.00327288
7.35876e+4529 -5.01574e+4529 -4.99889e+4527 -7.7183e+4526 5.44666e+4535 1.23171e+4527 -1.12096e+4535 -4.27062e+4526 -4.78866e+4534 1.02137e+4525 4.28668e+4534 1.49922e-05 0.00328787
-5.47306e+4546 -6.27163e+4546 3.90084e+4545 -1.39099e+4545 -1.34689e+4553 -5.84443e+4543 1.27804e+4553 2.81318e+4544 -3.43278e+4552 -1.32275e+4544 -3.9809e+4551 1.54649e-05 0.00330333
-2.5288e+4565 2.24946e+4565 -1.37434e+4562 1.02668e+4563 -1.3766e+4571 -4.40707e+4562 -2.42844e+4570 1.55627e+4561 3.63751e+4570 6.56299e+4561 -1.43143e+4570 1.46265e-05 0.00331796
1.13216e+4583 -6.39468e+4582 -1.23559e+4581 7.27132e+4579 9.62477e+4588 1.85118e+4580 -3.30385e+4588 -9.86929e+4579 -2.35893e+4587 1.89562e+4579 6.69995e+4587 1.65372e-05 0.0033345
3.58063e+4600 -6.07482e+4600 1.03904e+4599 -5.6383e+4598 -7.71779e+4605 7.1983e+4597 3.79539e+4606 6.98957e+4597 -1.60972e+4606 -4.72891e+4597 1.7978e+4605 1.68366e-05 0.00335133
-1.61312e+4619 1.26574e+4619 5.09296e+4616 4.09913e+4616 -1.03744e+4625 -2.75517e+4616 4.71775e+4623 5.21416e+4615 1.67944e+4624 1.96185e+4615 -9.26515e+4623 1.81126e-05 0.00336945
1.47818e+4637 -5.12674e+4636 -2.75015e+4635 5.61557e+4634 1.56005e+4643 2.3101e+4634 -8.16237e+4642 -2.09253e+4634 9.12671e+4641 6.71191e+4633 9.00299e+4641 2.07595e-05 0.00339021
6.69244e+4655 -7.24032e+4655 4.90519e+4653 -4.58102e+4653 2.43117e+4661 1.209e+4653 2.18008e+4661 2.79961e+4652 -1.45025e+4661 -3.42934e+4652 3.68624e+4660 2.46482e-06 0.00339267
-1.23026e+4669 8.53392e+4668 7.83351e+4666 1.50535e+4666 -8.96611e+4674 -2.06414e+4666 1.69675e+4674 6.76936e+4665 8.5682e+4673 2.4445e+4663 -7.15484e+4673 3.3156e-06 0.00339599
1.49359e+4682 8.67072e+4681 -7.66587e+4680 2.57316e+4680 2.88052e+4688 1.87493e+4679 -2.47913e+4688 -5.5702e+4679 6.16913e+4687 2.49942e+4679 1.01946e+4687 6.60121e-06 0.00340259
2.85195e+4698 -2.59017e+4698 3.42908e+4695 -1.235e+4696 1.50236e+4704 4.98789e+4695 3.37488e+4703 -4.2634e+4693 -4.30408e+4703 -8.10193e+4694 1.61012e+4703 7.38599e-06 0.00340997
-2.28203e+4714 1.33707e+4714 2.32068e+4712 -7.68629e+4710 -1.89468e+4720 -3.74727e+4711 6.08445e+4719 1.8692e+4711 6.57807e+4718 -3.188e+4710 -1.34665e+4719 1.03143e-05 0.00342029
-3.13962e+4730 6.26627e+4730 -1.24261e+4729 6.30458e+4728 1.56151e+4736 -6.62328e+4727 -4.45028e+4736 -8.47318e+4727 1.76741e+4736 5.38202e+4727 -1.5019e+4735 1.33289e-05 0.00343362
4.47397e+4748 -3.57663e+4748 -1.1792e+4746 -1.23265e+4746 2.81507e+4754 7.66335e+4745 -5.1861e+4752 -1.28115e+4745 -4.9084e+4753 -6.31067e+4744 2.56443e+4753 1.32209e-05 0.00344684
-6.87071e+4765 2.72147e+4765 1.15886e+4764 -2.11997e+4763 -6.9325e+4771 -1.08498e+4763 3.38962e+4771 8.88169e+4762 -2.95985e+4770 -2.67466e+4762 -4.15785e+4770 1.71021e-05 0.00346394
-8.12387e+4783 9.15968e+4783 -7.26249e+4781 6.09773e+4781 -2.60206e+4789 -1.47989e+4781 -3.08921e+4789 -4.32346e+4780 1.90089e+4789 4.65033e+4780 -4.44529e+4788 1.85914e-05 0.00348253
3.03772e+4802 -2.1456e+4802 -1.79865e+4800 -4.27342e+4799 2.1777e+4808 5.10945e+4799 -3.73058e+4807 -1.57559e+4799 -2.2612e+4807 -5.65625e+4797 1.76361e+4807 1.73451e-05 0.00349988
-9.26028e+4819 -2.93969e+4819 3.89329e+4818 -1.24258e+4818 -1.55653e+4826 -1.24324e+4817 1.24608e+4826 2.8457e+4817 -2.90201e+4825 -1.22932e+4817 -6.12758e+4824 1.24776e-05 0.00351235
-6.34652e+4837 5.85759e+4837 -1.09337e+4835 2.88384e+4835 -3.2551e+4843 -1.11307e+4835 -8.62832e+4842 -1.38686e+4833 9.9326e+4842 1.92603e+4834 -3.57563e+4842 1.15865e-05 0.00352394
7.98945e+4854 -4.79053e+4854 -7.73867e+4852 1.10644e+4851 6.5303e+4860 1.31556e+4852 -1.99949e+4860 -6.2711e+4851 -2.71751e+4859 9.72248e+4850 4.70599e+4859 1.1528e-05 0.00353547
1.6622e+4871 -3.86724e+4871 8.51826e+4869 -4.13384e+4869 -1.34431e+4877 3.68881e+4868 3.01268e+4877 5.85746e+4868 -1.14395e+4877 -3.57218e+4868 7.51581e+4875 5.6594e-06 0.00354113
-1.7259e+4887 1.39849e+4887 3.88746e+4884 5.02662e+4884 -1.0683e+4893 -2.96247e+4884 -2.38707e+4890 4.47444e+4883 1.96451e+4892 2.68096e+4883 -9.87784e+4891 5.16705e-06 0.00354629
1.01547e+4902 -4.3513e+4901 -1.59667e+4900 2.65679e+4899 9.93624e+4907 1.61449e+4899 -4.61677e+4907 -1.2306e+4899 3.12814e+4906 3.52044e+4898 6.11912e+4906 1.89419e-06 0.00354819
1.88147e+4914 -2.2229e+4914 2.04023e+4912 -1.55926e+4912 5.07024e+4919 3.46106e+4911 8.36733e+4919 1.25464e+4911 -4.78706e+4919 -1.21051e+4911 1.02147e+4919 5.42275e-06 0.00355361
nan nan nan nan nan nan nan nan nan nan nan 1.08455e-06 0.0035547
nan nan nan nan nan nan nan nan nan nan nan 2.1691e-07 0.00355491
nan nan nan nan nan nan nan nan nan nan nan 4.3382e-08 0.00355496
nan nan nan nan nan nan nan nan nan nan nan 8.6764e-09 0.00355497
nan nan nan nan nan nan nan nan nan nan nan 1.73528e-09 0.00355497
nan nan nan nan nan nan nan nan nan nan nan 3.47056e-10 0.00355497
nan nan nan nan nan nan nan nan nan nan nan 6.94112e-11 0.00355497
nan nan nan nan nan nan nan nan nan nan nan 1.38822e-11 0.00355497
nan nan nan nan nan nan nan nan nan nan nan 2.77645e-12 0.00355497
nan nan nan nan nan nan nan nan nan nan nan 5.5529e-13 0.00355497
nan nan nan nan nan nan nan nan nan nan nan 1.11058e-13 0.00355497
nan nan nan nan nan nan nan nan nan nan nan 2.22116e-14 0.00355497
nan nan nan nan nan nan nan nan nan nan nan 4.44232e-15 0.00355497
nan nan nan nan nan nan nan nan nan nan nan 8.88464e-16 0.00355497
nan nan nan nan nan nan nan nan nan nan nan 1.77693e-16 0.00355497
nan nan nan nan nan nan nan nan nan nan nan 3.55386e-17 0.00355497
nan nan nan nan nan nan nan nan nan nan nan 7.10771e-18 0.00355497
nan nan nan nan nan nan nan nan nan nan nan 1.42154e-18 0.00355497
nan nan nan nan nan nan nan nan nan nan nan 2.84308e-19 0.00355497
nan nan nan nan nan nan nan nan nan nan nan 5.68617e-20 0.00355497
nan nan nan nan nan nan nan nan nan nan nan 1.13723e-20 0.00355497
nan nan nan nan nan nan nan nan nan nan nan 2.27447e-21 0.00355497
nan nan nan nan nan nan nan nan nan nan nan 4.54893e-22 0.00355497
nan nan nan nan nan nan nan nan nan nan nan 9.09787e-23 0.00355497
nan nan nan nan nan nan nan nan nan nan nan 1.81957e-23 0.00355497
nan nan nan nan nan nan nan nan nan nan nan 3.63915e-24 0.00355497
nan nan nan nan nan nan nan nan nan nan nan 7.2783e-25 0.00355497
nan nan nan nan nan nan nan nan nan nan nan 1.45566e-25 0.00355497
nan nan nan nan nan nan nan nan nan nan nan 2.91132e-26 0.00355497
nan nan nan nan nan nan nan nan nan nan nan 5.82264e-27 0.00355497
nan nan nan nan nan nan nan nan nan nan nan 1.16453e-27 0.00355497
nan nan nan nan nan nan nan nan nan nan nan 2.32905e-28 0.00355497
nan nan nan nan nan nan nan nan nan nan nan 4.65811e-29 0.00355497
nan nan nan nan nan nan nan nan nan nan nan 9.31622e-30 0.00355497
nan nan nan nan nan nan nan nan nan nan nan 1.86324e-30 0.00355497
nan nan nan nan nan nan nan nan nan nan nan 3.72649e-31 0.00355497
nan nan nan nan nan nan nan nan nan nan nan 7.45298e-32 0.00355497
nan nan nan nan nan nan nan nan nan nan nan 1.4906e-32 0.00355497
nan nan nan nan nan nan nan nan nan nan nan 2.98119e-33 0.00355497
nan nan nan nan nan nan nan nan nan nan nan 5.96238e-34 0.00355497
nan nan nan nan nan nan nan nan nan nan nan 1.19248e-34 0.00355497
nan nan nan nan nan nan nan nan nan nan nan 2.38495e-35 0.00355497
nan nan nan nan nan nan nan nan nan nan nan 4.7699e-36 0.00355497
nan nan nan nan nan nan nan nan nan nan nan 9.53981e-37 0.00355497
nan nan nan nan nan nan nan nan nan nan nan 1.90796e-37 0.00355497
nan nan nan nan nan nan nan nan nan nan nan 3.81592e-38 0.00355497
nan nan nan nan nan nan nan nan nan nan nan 7.63185e-39 0.00355497
nan nan nan nan nan nan nan nan nan nan nan 1.52637e-39 0.00355497
nan nan nan nan nan nan nan nan nan nan nan 3.05274e-40 0.00355497
nan nan nan nan nan nan nan nan nan nan nan 6.10548e-41 0.00355497
nan nan nan nan nan nan nan nan nan nan nan 1.2211e-41 0.00355497
nan nan nan nan nan nan nan nan nan nan nan 2.44219e-42 0.00355497
nan nan nan nan nan nan nan nan nan nan nan 4.88438e-43 0.00355497
nan nan nan nan nan nan nan nan nan nan nan 9.76876e-44 0.00355497
nan nan nan nan nan nan nan nan nan nan nan 1.95375e-44 0.00355497
nan nan nan nan nan nan nan nan nan nan nan 3.90751e-45 0.00355497
nan nan nan nan nan nan nan nan nan nan nan 7.81501e-46 0.00355497
nan nan nan nan nan nan nan nan nan nan nan 1.563e-46 0.00355497
nan nan nan nan nan nan nan nan nan nan nan 3.126e-47 0.00355497
nan nan nan nan nan nan nan nan nan nan nan 6.25201e-48 0.00355497
nan nan nan nan nan nan nan nan nan nan nan 1.2504e-48 0.00355497
nan nan nan nan nan nan nan nan nan nan nan 2.5008e-49 0.00355497
nan nan nan nan nan nan nan nan nan nan nan 5.00161e-50 0.00355497
nan nan nan nan nan nan nan nan nan nan nan 1.00032e-50 0.00355497
nan nan nan nan nan nan nan nan nan nan nan 2.00064e-51 0.00355497
nan nan nan nan nan nan nan nan nan nan nan 4.00129e-52 0.00355497
nan nan nan nan nan nan nan nan nan nan nan 8.00257e-53 0.00355497
nan nan nan nan nan nan nan nan nan nan nan 1.60051e-53 0.00355497
nan nan nan nan nan nan nan nan nan nan nan 3.20103e-54 0.00355497
nan nan nan nan nan nan nan nan nan nan nan 6.40206e-55 0.00355497
nan nan nan nan nan nan nan nan nan nan nan 1.28041e-55 0.00355497
nan nan nan nan nan nan nan nan nan nan nan 2.56082e-56 0.00355497
nan nan nan nan nan nan nan nan nan nan nan 5.12165e-57 0.00355497
nan nan nan nan nan nan nan nan nan nan nan 1.02433e-57 0.00355497
nan nan nan nan nan nan nan nan nan nan nan 2.04866e-58 0.00355497
nan nan nan nan nan nan nan nan nan nan nan 4.09732e-59 0.00355497
nan nan nan nan nan nan nan nan nan nan nan 8.19463e-60 0.00355497
nan nan nan nan nan nan nan nan nan nan nan 1.63893e-60 0.00355497
nan nan nan nan nan nan nan nan nan nan nan 3.27785e-61 0.00355497
nan nan nan nan nan nan nan nan nan nan nan 6.55571e-62 0.00355497
nan nan nan nan nan nan nan nan nan nan nan 1.31114e-62 0.00355497
nan nan nan nan nan nan nan nan nan nan nan 2.62228e-63 0.00355497
nan nan nan nan nan nan nan nan nan nan nan 5.24456e-64 0.00355497
nan nan nan nan nan nan nan nan nan nan nan 1.04891e-64 0.00355497
nan nan nan nan nan nan nan nan nan nan nan 2.09783e-65 0.00355497
nan nan nan nan nan nan nan nan nan nan nan 4.19565e-66 0.00355497
nan nan nan nan nan nan nan nan nan nan nan 8.3913e-67 0.00355497
nan nan nan nan nan nan nan nan nan nan nan 1.67826e-67 0.00355497
nan nan nan nan nan nan nan nan nan nan nan 3.35652e-68 0.00355497
nan nan nan nan nan nan nan nan nan nan nan 6.71304e-69 0.00355497
nan nan nan nan nan nan nan nan nan nan nan 1.34261e-69 0.00355497
nan nan nan nan nan nan nan nan nan nan nan 2.68522e-70 0.00355497
nan nan nan nan nan nan nan nan nan nan nan 5.37043e-71 0.00355497
nan nan nan nan nan nan nan nan nan nan nan 1.07409e-71 0.00355497
nan nan nan nan nan nan nan nan nan nan nan 2.14817e-72 0.00355497
nan nan nan nan nan nan nan nan nan nan nan 4.29635e-73 0.00355497
nan nan nan nan nan nan nan nan nan nan nan 8.5927e-74 0.00355497
nan nan nan nan nan nan nan nan nan nan nan 1.71854e-74 0.00355497
nan nan nan nan nan nan nan nan nan nan nan 3.43708e-75 0.00355497
nan nan nan nan nan nan nan nan nan nan nan 6.87416e-76 0.00355497
nan nan nan nan nan nan nan nan nan nan nan 1.37483e-76 0.00355497
nan nan nan nan nan nan nan nan nan nan nan 2.74966e-77 0.00355497
nan nan nan nan nan nan nan nan nan nan nan 5.49932e-78 0.00355497
nan nan nan nan nan nan nan nan nan nan nan 1.09986e-78 0.00355497
nan nan nan nan nan nan nan nan nan nan nan 2.19973e-79 0.00355497
nan nan nan nan nan nan nan nan nan nan nan 4.39946e-80 0.00355497
nan nan nan nan nan nan nan nan nan nan nan 8.79892e-81 0.00355497
nan nan nan nan nan nan nan nan nan nan nan 1.75978e-81 0.00355497
nan nan nan nan nan nan nan nan nan nan nan 3.51957e-82 0.00355497
nan nan nan nan nan nan nan nan nan nan nan 7.03914e-83 0.00355497
nan nan nan nan nan nan nan nan nan nan nan 1.40783e-83 0.00355497
nan nan nan nan nan nan nan nan nan nan nan 2.81565e-84 0.00355497
nan nan nan nan nan nan nan nan nan nan nan 5.63131e-85 0.00355497
nan nan nan nan nan nan nan nan nan nan nan 1.12626e-85 0.00355497
nan nan nan nan nan nan nan nan nan nan nan 2.25252e-86 0.00355497
nan nan nan nan nan nan nan nan nan nan nan 4.50505e-87 0.00355497
nan nan nan nan nan nan nan nan nan nan nan 9.01009e-88 0.00355497
nan nan nan nan nan nan nan nan nan nan nan 1.80202e-88 0.00355497
nan nan nan nan nan nan nan nan nan nan nan 3.60404e-89 0.00355497
nan nan nan nan nan nan nan nan nan nan nan 7.20808e-90 0.00355497
nan nan nan nan nan nan nan nan nan nan nan 1.44162e-90 0.00355497
nan nan nan nan nan nan nan nan nan nan nan 2.88323e-91 0.00355497
nan nan nan nan nan nan nan nan nan nan nan 5.76646e-92 0.00355497
nan nan nan nan nan nan nan nan nan nan nan 1.15329e-92 0.00355497
nan nan nan nan nan nan nan nan nan nan nan 2.30658e-93 0.00355497
nan nan nan nan nan nan nan nan nan nan nan 4.61317e-94 0.00355497
nan nan nan nan nan nan nan nan nan nan nan 9.22634e-95 0.00355497
nan nan nan nan nan nan nan nan nan nan nan 1.84527e-95 0.00355497
nan nan nan nan nan nan nan nan nan nan nan 3.69053e-96 0.00355497
nan nan nan nan nan nan nan nan nan nan nan 7.38107e-97 0.00355497
nan nan nan nan nan nan nan nan nan nan nan 1.47621e-97 0.00355497
nan nan nan nan nan nan nan nan nan nan nan 2.95243e-98 0.00355497
nan nan nan nan nan nan nan nan nan nan nan 5.90486e-99 0.00355497
nan nan nan nan nan nan nan nan nan nan nan 1.18097e-99 0.00355497
nan nan nan nan nan nan nan nan nan nan nan 2.36194e-100 0.00355497
nan nan nan nan nan nan nan nan nan nan nan 4.72388e-101 0.00355497
nan nan nan nan nan nan nan nan nan nan nan 9.44777e-102 0.00355497
nan nan nan nan nan nan nan nan nan nan nan 1.88955e-102 0.00355497
nan nan nan nan nan nan nan nan nan nan nan 3.77911e-103 0.00355497
nan nan nan nan nan nan nan nan nan nan nan 7.55821e-104 0.00355497
nan nan nan nan nan nan nan nan nan nan nan 1.51164e-104 0.00355497
nan nan nan nan nan nan nan nan nan nan nan 3.02329e-105 0.00355497
nan nan nan nan nan nan nan nan nan nan nan 6.04657e-106 0.00355497
nan nan nan nan nan nan nan nan nan nan nan 1.20931e-106 0.00355497
nan nan nan nan nan nan nan nan nan nan nan 2.41863e-107 0.00355497
nan nan nan nan nan nan nan nan nan nan nan 4.83726e-108 0.00355497
nan nan nan nan nan nan nan nan nan nan nan 9.67451e-109 0.00355497
nan nan nan nan nan nan nan nan nan nan nan 1.9349e-109 0.00355497
nan nan nan nan nan nan nan nan nan nan nan 3.86981e-110 0.00355497
nan nan nan nan nan nan nan nan nan nan nan 7.73961e-111 0.00355497
nan nan nan nan nan nan nan nan nan nan nan 1.54792e-111 0.00355497
nan nan nan nan nan nan nan nan nan nan nan 3.09584e-112 0.00355497
nan nan nan nan nan nan nan nan nan nan nan 6.19169e-113 0.00355497
nan nan nan nan nan nan nan nan nan nan nan 1.23834e-113 0.00355497
nan nan nan nan nan nan nan nan nan nan nan 2.47668e-114 0.00355497
nan nan nan nan nan nan nan nan nan nan nan 4.95335e-115 0.00355497
nan nan nan nan nan nan nan nan nan nan nan 9.9067e-116 0.00355497
nan nan nan nan nan nan nan nan nan nan nan 1.98134e-116 0.00355497
nan nan nan nan nan nan nan nan nan nan nan 3.96268e-117 0.00355497
nan nan nan nan nan nan nan nan nan nan nan 7.92536e-118 0.00355497
nan nan nan nan nan nan nan nan nan nan nan 1.58507e-118 0.00355497
nan nan nan nan nan nan nan nan nan nan nan 3.17014e-119 0.00355497
nan nan nan nan nan nan nan nan nan nan nan 6.34029e-120 0.00355497
nan nan nan nan nan nan nan nan nan nan nan 1.26806e-120 0.00355497
nan nan nan nan nan nan nan nan nan nan nan 2.53612e-121 0.00355497
nan nan nan nan nan nan nan nan nan nan nan 5.07223e-122 0.00355497
nan nan nan nan nan nan nan nan nan nan nan 1.01445e-122 0.00355497
nan nan nan nan nan nan nan nan nan nan nan 2.02889e-123 0.00355497
nan nan nan nan nan nan nan nan nan nan nan 4.05779e-124 0.00355497
nan nan nan nan nan nan nan nan nan nan nan 8.11557e-125 0.00355497
nan nan nan nan nan nan nan nan nan nan nan 1.62311e-125 0.00355497
nan nan nan nan nan nan nan nan nan nan nan 3.24623e-126 0.00355497
nan nan nan nan nan nan nan nan nan nan nan 6.49246e-127 0.00355497
nan nan nan nan nan nan nan nan nan nan nan 1.29849e-127 0.00355497
nan nan nan nan nan nan nan nan nan nan nan 2.59698e-128 0.00355497
nan nan nan nan nan nan nan nan nan nan nan 5.19397e-129 0.00355497
nan nan nan nan nan nan nan nan nan nan nan 1.03879e-129 0.00355497
nan nan nan nan nan nan nan nan nan nan nan 2.07759e-130 0.00355497
nan nan nan nan nan nan nan nan nan nan nan 4.15517e-131 0.00355497
nan nan nan nan nan nan nan nan nan nan nan 8.31034e-132 0.00355497
nan nan nan nan nan nan nan nan nan nan nan 1.66207e-132 0.00355497
nan nan nan nan nan nan nan nan nan nan nan 3.32414e-133 0.00355497
nan nan nan nan nan nan nan nan nan nan nan 6.64828e-134 0.00355497
nan nan nan nan nan nan nan nan nan nan nan 1.32966e-134 0.00355497
nan nan nan nan nan nan nan nan nan nan nan 2.65931e-135 0.00355497
nan nan nan nan nan nan nan nan nan nan nan 5.31862e-136 0.00355497
nan nan nan nan nan nan nan nan nan nan nan 1.06372e-136 0.00355497
nan nan nan nan nan nan nan nan nan nan nan 2.12745e-137 0.00355497
nan nan nan nan nan nan nan nan nan nan nan 4.2549e-138 0.00355497
nan nan nan nan nan nan nan nan nan nan nan 8.50979e-139 0.00355497
nan nan nan nan nan nan nan nan nan nan nan 1.70196e-139 0.00355497
nan nan nan nan nan nan nan nan nan nan nan 3.40392e-140 0.00355497
nan nan nan nan nan nan nan nan nan nan nan 6.80783e-141 0.00355497
nan nan nan nan nan nan nan nan nan nan nan 1.36157e-141 0.00355497
nan nan nan nan nan nan nan nan nan nan nan 2.72313e-142 0.00355497
nan nan nan nan nan nan nan nan nan nan nan 5.44627e-143 0.00355497
nan nan nan nan nan nan nan nan nan nan nan 1.08925e-143 0.00355497
nan nan nan nan nan nan nan nan nan nan nan 2.17851e-144 0.00355497
nan nan nan nan nan nan nan nan nan nan nan 4.35701e-145 0.00355497
nan nan nan nan nan nan nan nan nan nan nan 8.71403e-146 0.00355497
nan nan nan nan nan nan nan nan nan nan nan 1.74281e-146 0.00355497
nan nan nan nan nan nan nan nan nan nan nan 3.48561e-147 0.00355497
nan nan nan nan nan nan nan nan nan nan nan 6.97122e-148 0.00355497
nan nan nan nan nan nan nan nan nan nan nan 1.39424e-148 0.00355497
nan nan nan nan nan nan nan nan nan nan nan 2.78849e-149 0.00355497
nan nan nan nan nan nan nan nan nan nan nan 5.57698e-150 0.00355497
nan nan nan nan nan nan nan nan nan nan nan 1.1154e-150 0.00355497
nan nan nan nan nan nan nan nan nan nan nan 2.23079e-151 0.00355497
nan nan nan nan nan nan nan nan nan nan nan 4.46158e-152 0.00355497
nan nan nan nan nan nan nan nan nan nan nan 8.92316e-153 0.00355497
nan nan nan nan nan nan nan nan nan nan nan 1.78463e-153 0.00355497
nan nan nan nan nan nan nan nan nan nan nan 3.56927e-154 0.00355497
nan nan nan nan nan nan nan nan nan nan nan 7.13853e-155 0.00355497
nan nan nan nan nan nan nan nan nan nan nan 1.42771e-155 0.00355497
nan nan nan nan nan nan nan nan nan nan nan 2.85541e-156 0.00355497
nan nan nan nan nan nan nan nan nan nan nan 5.71083e-157 0.00355497
nan nan nan nan nan nan nan nan nan nan nan 1.14217e-157 0.00355497
nan nan nan nan nan nan nan nan nan nan nan 2.28433e-158 0.00355497
nan nan nan nan nan nan nan nan nan nan nan 4.56866e-159 0.00355497
nan nan nan nan nan nan nan nan nan nan nan 9.13732e-160 0.00355497
nan nan nan nan nan nan nan nan nan nan nan 1.82746e-160 0.00355497
nan nan nan nan nan nan nan nan nan nan nan 3.65493e-161 0.00355497
nan nan nan nan nan nan nan nan nan nan nan 7.30986e-162 0.00355497
nan nan nan nan nan nan nan nan nan nan nan 1.46197e-162 0.00355497
nan nan nan nan nan nan nan nan nan nan nan 2.92394e-163 0.00355497
nan nan nan nan nan nan nan nan nan nan nan 5.84789e-164 0.00355497
nan nan nan nan nan nan nan nan nan nan nan 1.16958e-164 0.00355497
nan nan nan nan nan nan nan nan nan nan nan 2.33915e-165 0.00355497
nan nan nan nan nan nan nan nan nan nan nan 4.67831e-166 0.00355497
nan nan nan nan nan nan nan nan nan nan nan 9.35662e-167 0.00355497
nan nan nan nan nan nan nan nan nan nan nan 1.87132e-167 0.00355497
nan nan nan nan nan nan nan nan nan nan nan 3.74265e-168 0.00355497
nan nan nan nan nan nan nan nan nan nan nan 7.48529e-169 0.00355497
nan nan nan nan nan nan nan nan nan nan nan 1.49706e-169 0.00355497
nan nan nan nan nan nan nan nan nan nan nan 2.99412e-170 0.00355497
nan nan nan nan nan nan nan nan nan nan nan 5.98823e-171 0.00355497
nan nan nan nan nan nan nan nan nan nan nan 1.19765e-171 0.00355497
nan nan nan nan nan nan nan nan nan nan nan 2.39529e-172 0.00355497
nan nan nan nan nan nan nan nan nan nan nan 4.79059e-173 0.00355497
nan nan nan nan nan nan nan nan nan nan nan 9.58118e-174 0.00355497
nan nan nan nan nan nan nan nan nan nan nan 1.91624e-174 0.00355497
nan nan nan nan nan nan nan nan nan nan nan 3.83247e-175 0.00355497
nan nan nan nan nan nan nan nan nan nan nan 7.66494e-176 0.00355497
nan nan nan nan nan nan nan nan nan nan nan 1.53299e-176 0.00355497
nan nan nan nan nan nan nan nan nan nan nan 3.06598e-177 0.00355497
nan nan nan nan nan nan nan nan nan nan nan 6.13195e-178 0.00355497
nan nan nan nan nan nan nan nan nan nan nan 1.22639e-178 0.00355497
nan nan nan nan nan nan nan nan nan nan nan 2.45278e-179 0.00355497
nan nan nan nan nan nan nan nan nan nan nan 4.90556e-180 0.00355497
nan nan nan nan nan nan nan nan nan nan nan 9.81112e-181 0.00355497
nan nan nan nan nan nan nan nan nan nan nan 1.96222e-181 0.00355497
nan nan nan nan nan nan nan nan nan nan nan 3.92445e-182 0.00355497
nan nan nan nan nan nan nan nan nan nan nan 7.8489e-183 0.00355497
nan nan nan nan nan nan nan nan nan nan nan 1.56978e-183 0.00355497
nan nan nan nan nan nan nan nan nan nan nan 3.13956e-184 0.00355497
nan nan nan nan nan nan nan nan nan nan nan 6.27912e-185 0.00355497
nan nan nan nan nan nan nan nan nan nan nan 1.25582e-185 0.00355497
nan nan nan nan nan nan nan nan nan nan nan 2.51165e-186 0.00355497
nan nan nan nan nan nan nan nan nan nan nan 5.0233e-187 0.00355497
nan nan nan nan nan nan nan nan nan nan nan 1.00466e-187 0.00355497
nan nan nan nan nan nan nan nan nan nan nan 2.00932e-188 0.00355497
nan nan nan nan nan nan nan nan nan nan nan 4.01864e-189 0.00355497
nan nan nan nan nan nan nan nan nan nan nan 8.03727e-190 0.00355497
nan nan nan nan nan nan nan nan nan nan nan 1.60745e-190 0.00355497
nan nan nan nan nan nan nan nan nan nan nan 3.21491e-191 0.00355497
nan nan nan nan nan nan nan nan nan nan nan 6.42982e-192 0.00355497
nan nan nan nan nan nan nan nan nan nan nan 1.28596e-192 0.00355497
nan nan nan nan nan nan nan nan nan nan nan 2.57193e-193 0.00355497
nan nan nan nan nan nan nan nan nan nan nan 5.14385e-194 0.00355497
nan nan nan nan nan nan nan nan nan nan nan 1.02877e-194 0.00355497
nan nan nan nan nan nan nan nan nan nan nan 2.05754e-195 0.00355497
nan nan nan nan nan nan nan nan nan nan nan 4.11508e-196 0.00355497
nan nan nan nan nan nan nan nan nan nan nan 8.23017e-197 0.00355497
nan nan nan nan nan nan nan nan nan nan nan 1.64603e-197 0.00355497
nan nan nan nan nan nan nan nan nan nan nan 3.29207e-198 0.00355497
nan nan nan nan nan nan nan nan nan nan nan 6.58413e-199 0.00355497
nan nan nan nan nan nan nan nan nan nan nan 1.31683e-199 0.00355497
nan nan nan nan nan nan nan nan nan nan nan 2.63365e-200 0.00355497
nan nan nan nan nan nan nan nan nan nan nan 5.26731e-201 0.00355497
nan nan nan nan nan nan nan nan nan nan nan 1.05346e-201 0.00355497
nan nan nan nan nan nan nan nan nan nan nan 2.10692e-202 0.00355497
nan nan nan nan nan nan nan nan nan nan nan 4.21385e-203 0.00355497
nan nan nan nan nan nan nan nan nan nan nan 8.42769e-204 0.00355497
nan nan nan nan nan nan nan nan nan nan nan 1.68554e-204 0.00355497
nan nan nan nan nan nan nan nan nan nan nan 3.37108e-205 0.00355497
nan nan nan nan nan nan nan nan nan nan nan 6.74215e-206 0.00355497
nan nan nan nan nan nan nan nan nan nan nan 1.34843e-206 0.00355497
nan nan nan nan nan nan nan nan nan nan nan 2.69686e-207 0.00355497
nan nan nan nan nan nan nan nan nan nan nan 5.39372e-208 0.00355497
nan nan nan nan nan nan nan nan nan nan nan 1.07874e-208 0.00355497
nan nan nan nan nan nan nan nan nan nan nan 2.15749e-209 0.00355497
nan nan nan nan nan nan nan nan nan nan nan 4.31498e-210 0.00355497
nan nan nan nan nan nan nan nan nan nan nan 8.62996e-211 0.00355497
nan nan nan nan nan nan nan nan nan nan nan 1.72599e-211 0.00355497
nan nan nan nan nan nan nan nan nan nan nan 3.45198e-212 0.00355497
nan nan nan nan nan nan nan nan nan nan nan 6.90396e-213 0.00355497
nan nan nan nan nan nan nan nan nan nan nan 1.38079e-213 0.00355497
nan nan nan nan nan nan nan nan nan nan nan 2.76159e-214 0.00355497
nan nan nan nan nan nan nan nan nan nan nan 5.52317e-215 0.00355497
nan nan nan nan nan nan nan nan nan nan nan 1.10463e-215 0.00355497
nan nan nan nan nan nan nan nan nan nan nan 2.20927e-216 0.00355497
nan nan nan nan nan nan nan nan nan nan nan 4.41854e-217 0.00355497
nan nan nan nan nan nan nan nan nan nan nan 8.83707e-218 0.00355497
nan nan nan nan nan nan nan nan nan nan nan 1.76741e-218 0.00355497
nan nan nan nan nan nan nan nan nan nan nan 3.53483e-219 0.00355497
nan nan nan nan nan nan nan nan nan nan nan 7.06966e-220 0.00355497
nan nan nan nan nan nan nan nan nan nan nan 1.41393e-220 0.00355497
nan nan nan nan nan nan nan nan nan nan nan 2.82786e-221 0.00355497
nan nan nan nan nan nan nan nan nan nan nan 5.65573e-222 0.00355497
nan nan nan nan nan nan nan nan nan nan nan 1.13115e-222 0.00355497
nan nan nan nan nan nan nan nan nan nan nan 2.26229e-223 0.00355497
nan nan nan nan nan nan nan nan nan nan nan 4.52458e-224 0.00355497
nan nan nan nan nan nan nan nan nan nan nan 9.04916e-225 0.00355497
nan nan nan nan nan nan nan nan nan nan nan 1.80983e-225 0.00355497
nan nan nan nan nan nan nan nan nan nan nan 3.61967e-226 0.00355497
nan nan nan nan nan nan nan nan nan nan nan 7.23933e-227 0.00355497
nan nan nan nan nan nan nan nan nan nan nan 1.44787e-227 0.00355497
nan nan nan nan nan nan nan nan nan nan nan 2.89573e-228 0.00355497
nan nan nan nan nan nan nan nan nan nan nan 5.79147e-229 0.00355497
nan nan nan nan nan nan nan nan nan nan nan 1.15829e-229 0.00355497
nan nan nan nan nan nan nan nan nan nan nan 2.31659e-230 0.00355497
nan nan nan nan nan nan nan nan nan nan nan 4.63317e-231 0.00355497
nan nan nan nan nan nan nan nan nan nan nan 9.26634e-232 0.00355497
nan nan nan nan nan nan nan nan nan nan nan 1.85327e-232 0.00355497
nan nan nan nan nan nan nan nan nan nan nan 3.70654e-233 0.00355497
nan nan nan nan nan nan nan nan nan nan nan 7.41308e-234 0.00355497
nan nan nan nan nan nan nan nan nan nan nan 1.48262e-234 0.00355497
nan nan nan nan nan nan nan nan nan nan nan 2.96523e-235 0.00355497
nan nan nan nan nan nan nan nan nan nan nan 5.93046e-236 0.00355497
nan nan nan nan nan nan nan nan nan nan nan 1.18609e-236 0.00355497
nan nan nan nan nan nan nan nan nan nan nan 2.37218e-237 0.00355497
nan nan nan nan nan nan nan nan nan nan nan 4.74437e-238 0.00355497
nan nan nan nan nan nan nan nan nan nan nan 9.48874e-239 0.00355497
nan nan nan nan nan nan nan nan nan nan nan 1.89775e-239 0.00355497
nan nan nan nan nan nan nan nan nan nan nan 3.79549e-240 0.00355497
nan nan nan nan nan nan nan nan nan nan nan 7.59099e-241 0.00355497
nan nan nan nan nan nan nan nan nan nan nan 1.5182e-241 0.00355497
nan nan nan nan nan nan nan nan nan nan nan 3.0364e-242 0.00355497
nan nan nan nan nan nan nan nan nan nan nan 6.07279e-243 0.00355497
nan nan nan nan nan nan nan nan nan nan nan 1.21456e-243 0.00355497
nan nan nan nan nan nan nan nan nan nan nan 2.42912e-244 0.00355497
nan nan nan nan nan nan nan nan nan nan nan 4.85823e-245 0.00355497
nan nan nan nan nan nan nan nan nan nan nan 9.71647e-246 0.00355497
nan nan nan nan nan nan nan nan nan nan nan 1.94329e-246 0.00355497
nan nan nan nan nan nan nan nan nan nan nan 3.88659e-247 0.00355497
nan nan nan nan nan nan nan nan nan nan nan 7.77317e-248 0.00355497
nan nan nan nan nan nan nan nan nan nan nan 1.55463e-248 0.00355497
nan nan nan nan nan nan nan nan nan nan nan 3.10927e-249 0.00355497
nan nan nan nan nan nan nan nan nan nan nan 6.21854e-250 0.00355497
nan nan nan nan nan nan nan nan nan nan nan 1.24371e-250 0.00355497
nan nan nan nan nan nan nan nan nan nan nan 2.48742e-251 0.00355497
nan nan nan nan nan nan nan nan nan nan nan 4.97483e-252 0.00355497
nan nan nan nan nan nan nan nan nan nan nan 9.94966e-253 0.00355497
nan nan nan nan nan nan nan nan nan nan nan 1.98993e-253 0.00355497
nan nan nan nan nan nan nan nan nan nan nan 3.97986e-254 0.00355497
nan nan nan nan nan nan nan nan nan nan nan 7.95973e-255 0.00355497
nan nan nan nan nan nan nan nan nan nan nan 1.59195e-255 0.00355497
nan nan nan nan nan nan nan nan nan nan nan 3.18389e-256 0.00355497
nan nan nan nan nan nan nan nan nan nan nan 6.36778e-257 0.00355497
nan nan nan nan nan nan nan nan nan nan nan 1.27356e-257 0.00355497
nan nan nan nan nan nan nan nan nan nan nan 2.54711e-258 0.00355497
nan nan nan nan nan nan nan nan nan nan nan 5.09423e-259 0.00355497
nan nan nan nan nan nan nan nan nan nan nan 1.01885e-259 0.00355497
nan nan nan nan nan nan nan nan nan nan nan 2.03769e-260 0.00355497
nan nan nan nan nan nan nan nan nan nan nan 4.07538e-261 0.00355497
nan nan nan nan nan nan nan nan nan nan nan 8.15076e-262 0.00355497
nan nan nan nan nan nan nan nan nan nan nan 1.63015e-262 0.00355497
nan nan nan nan nan nan nan nan nan nan nan 3.26031e-263 0.00355497
nan nan nan nan nan nan nan nan nan nan nan 6.52061e-264 0.00355497
nan nan nan nan nan nan nan nan nan nan nan 1.30412e-264 0.00355497
nan nan nan nan nan nan nan nan nan nan nan 2.60824e-265 0.00355497
nan nan nan nan nan nan nan nan nan nan nan 5.21649e-266 0.00355497
nan nan nan nan nan nan nan nan nan nan nan 1.0433e-266 0.00355497
nan nan nan nan nan nan nan nan nan nan nan 2.0866e-267 0.00355497
nan nan nan nan nan nan nan nan nan nan nan 4.17319e-268 0.00355497
nan nan nan nan nan nan nan nan nan nan nan 8.34638e-269 0.00355497
nan nan nan nan nan nan nan nan nan nan nan 1.66928e-269 0.00355497
nan nan nan nan nan nan nan nan nan nan nan 3.33855e-270 0.00355497
nan nan nan nan nan nan nan nan nan nan nan 6.6771e-271 0.00355497
nan nan nan nan nan nan nan nan nan nan nan 1.33542e-271 0.00355497
nan nan nan nan nan nan nan nan nan nan nan 2.67084e-272 0.00355497
nan nan nan nan nan nan nan nan nan nan nan 5.34168e-273 0.00355497
nan nan nan nan nan nan nan nan nan nan nan 1.06834e-273 0.00355497
nan nan nan nan nan nan nan nan nan nan nan 2.13667e-274 0.00355497
nan nan nan nan nan nan nan nan nan nan nan 4.27335e-275 0.00355497
nan nan nan nan nan nan nan nan nan nan nan 8.54669e-276 0.00355497
nan nan nan nan nan nan nan nan nan nan nan 1.70934e-276 0.00355497
nan nan nan nan nan nan nan nan nan nan nan 3.41868e-277 0.00355497
nan nan nan nan nan nan nan nan nan nan nan 6.83736e-278 0.00355497
nan nan nan nan nan nan nan nan nan nan nan 1.36747e-278 0.00355497
nan nan nan nan nan nan nan nan nan nan nan 2.73494e-279 0.00355497
nan nan nan nan nan nan nan nan nan nan nan 5.46988e-280 0.00355497
nan nan nan nan nan nan nan nan nan nan nan 1.09398e-280 0.00355497
nan nan nan nan nan nan nan nan nan nan nan 2.18795e-281 0.00355497
nan nan nan nan nan nan nan nan nan nan nan 4.37591e-282 0.00355497
nan nan nan nan nan nan nan nan nan nan nan 8.75181e-283 0.00355497
nan nan nan nan nan nan nan nan nan nan nan 1.75036e-283 0.00355497
